25
4
58 3 44 43
53 36 39 52
26 72 69 90
22 29 44 59
6
53 14 93 79 30 4
18 37 18 28 58 35
86 98 40 2 30 24
42 82 20 73 15 31
26 89 37 71 95 72
3 71 73 23 74 72
5
73 53 87 81 17
93 96 62 65 55
25 56 38 19 44
33 50 18 25 59
85 67 7 86 39
6
56 34 26 90 86 17
46 83 90 73 99 92
38 63 71 88 68 85
69 7 20 79 53 5
2 32 30 73 53 98
93 92 36 97 45 15
6
29 35 95 30 52 14
45 57 60 91 90 87
93 59 98 33 36 12
94 75 17 30 24 74
77 71 88 98 38 72
64 83 15 28 69 79
10
82 39 54 23 30 60 47 81 74 80
60 94 61 42 22 54 83 61 6 97
31 80 74 48 3 37 33 12 46 50
65 61 23 50 20 10 85 24 80 54
86 49 14 82 39 37 84 77 4 5
81 20 50 66 91 41 37 46 84 4
98 82 82 81 96 22 32 91 79 95
51 32 52 2 73 32 17 58 69 45
14 68 14 5 18 65 97 78 46 50
94 7 31 49 30 93 73 8 78 25
12
57 5 80 13 60 5 95 50 69 65 8 95
45 17 27 4 32 32 2 44 44 74 75 19
87 11 35 96 36 64 12 15 25 2 89 90
56 35 57 50 58 73 12 24 58 81 71 75
56 57 8 33 49 39 50 64 40 19 50 55
68 81 19 38 31 21 78 24 82 92 80 42
26 79 26 79 27 51 60 49 89 68 93 8
17 70 77 14 89 42 18 82 68 58 43 63
90 8 63 93 24 28 90 71 10 68 60 44
67 30 55 12 67 35 14 97 91 53 42 3
92 88 65 93 87 69 75 58 42 7 72 76
77 61 77 66 90 37 88 25 24 81 66 87
11
24 8 66 18 76 8 60 67 66 30 70
70 30 15 16 2 21 22 25 14 41 39
75 90 10 38 64 46 8 31 30 14 52
64 50 5 36 35 5 20 82 46 20 17
78 74 50 84 87 52 35 24 25 34 85
78 49 40 22 59 56 24 14 12 54 13
97 49 80 48 93 28 79 46 57 13 14
88 90 71 29 61 56 50 10 68 66 5
2 44 76 9 30 87 70 72 14 50 88
96 15 46 25 48 81 9 71 8 75 4
68 38 14 33 73 52 58 68 60 11 55
10
45 23 93 42 36 59 72 62 92 83
31 3 17 62 59 24 92 63 42 54
39 93 99 97 44 87 67 27 78 48
65 46 2 56 98 40 36 75 21 84
83 65 54 65 61 33 81 70 44 61
66 66 45 14 6 33 65 13 16 37
93 51 42 96 22 71 56 2 28 75
21 50 95 6 18 95 3 47 33 4
91 39 28 69 73 21 92 68 41 27
49 87 8 48 5 2 39 3 61 7
10
15 67 62 87 78 94 34 39 90 88
4 14 66 32 58 13 87 76 70 30
47 3 23 9 20 88 4 88 49 69
73 79 61 68 39 10 39 39 14 19
59 78 85 56 14 4 23 61 53 53
81 86 84 32 64 4 29 79 26 90
41 15 31 84 37 25 48 54 94 9
71 25 51 32 41 19 78 56 24 46
64 81 19 3 2 25 23 94 2 59
20 57 58 79 90 61 63 27 6 8
8
78 74 49 46 18 96 71 77
50 64 58 97 75 75 75 74
21 29 58 21 44 19 91 39
50 15 5 88 37 77 11 94
56 46 75 97 86 51 53 69
71 63 81 5 98 8 49 46
27 53 28 2 29 78 93 89
97 98 90 24 91 68 5 20
26
84 54 7 10 31 77 60 86 27 14 47 52 47 77 95 32 27 69 84 25 29 66 92 31 28 2
86 80 25 91 23 35 88 85 22 26 33 34 15 19 24 8 23 70 84 73 92 25 70 60 15 5
22 16 21 75 70 63 21 51 36 82 41 69 74 95 12 76 74 99 67 6 56 91 13 6 74 64
57 13 6 69 35 40 76 58 46 25 30 64 47 89 26 58 19 11 7 15 58 49 37 28 26 73
30 97 6 28 35 43 25 34 93 36 59 47 27 20 47 25 35 90 87 18 51 17 70 83 16 61
33 22 23 71 93 94 33 97 44 9 40 28 3 76 39 47 68 25 76 47 22 23 99 52 4 83
3 33 35 41 21 13 94 2 92 70 67 64 24 46 18 20 11 29 91 30 20 89 98 32 4 98
48 16 38 49 6 41 90 54 92 61 67 18 64 55 57 96 5 53 13 58 15 35 14 49 76 84
58 66 81 41 68 54 27 38 89 92 18 64 99 81 41 8 6 29 94 84 3 78 91 58 28 90
45 7 79 2 23 32 4 55 95 66 60 80 46 73 47 87 88 18 26 4 41 65 62 5 11 44
73 82 43 70 98 45 43 33 37 35 14 85 30 97 48 78 80 73 99 66 62 20 65 98 94 89
83 5 54 31 9 52 59 13 7 13 48 13 55 69 26 3 42 25 73 32 14 11 74 29 14 52
68 77 91 14 88 35 50 7 90 75 10 31 60 9 35 22 72 4 36 43 46 22 49 40 70 54
19 34 35 49 78 91 20 49 58 62 76 33 51 93 34 87 64 56 96 2 86 69 74 56 4 37
44 4 95 88 23 90 2 43 16 3 50 25 97 50 66 16 79 90 91 15 63 48 14 73 17 48
32 6 31 77 50 35 98 95 29 90 90 71 73 9 98 73 87 6 36 44 66 13 79 59 10 85
45 50 34 51 39 13 98 11 73 54 13 24 14 22 68 94 92 68 41 70 34 52 29 21 76 57
65 12 33 14 26 41 49 86 90 48 28 85 95 34 31 62 40 20 98 67 33 65 36 38 64 66
23 18 34 7 92 14 59 99 48 6 52 8 89 24 66 95 94 42 93 47 15 74 99 61 42 63
43 93 70 28 39 57 40 88 67 36 57 21 85 93 90 9 87 22 10 91 66 10 93 36 60 29
37 23 40 17 4 71 68 40 35 2 79 98 67 44 25 45 49 83 47 9 10 31 11 8 50 2
64 33 91 14 42 56 19 57 98 57 25 3 96 46 81 82 43 30 32 18 40 46 12 74 19 18
47 93 86 11 99 95 45 54 19 62 74 58 76 12 48 68 88 46 80 46 34 18 61 67 94 36
42 16 81 82 50 56 13 17 7 81 95 9 70 85 14 16 85 51 8 43 58 81 39 92 73 42
89 37 41 53 6 98 92 95 9 2 63 27 58 82 72 96 28 32 68 83 58 48 73 84 28 20
29 21 15 72 50 91 92 50 73 9 56 75 56 74 40 95 48 16 28 45 49 32 55 78 92 85
6
84 50 96 53 50 70
31 48 42 22 20 68
73 43 6 62 36 17
4 28 96 48 37 64
18 61 35 77 77 54
57 87 6 48 23 12
13
90 90 21 86 92 16 82 59 36 78 96 18 94
82 32 13 56 16 21 65 11 11 94 84 18 3
44 12 82 19 13 66 2 82 80 26 87 87 84
67 68 92 64 5 8 49 63 23 62 20 8 35
45 65 42 2 60 46 23 59 70 98 14 40 44
82 97 91 4 34 83 15 78 18 80 71 14 37
23 29 65 3 43 34 5 76 58 53 83 63 33
59 13 24 85 21 78 85 73 62 84 45 92 18
22 69 51 99 21 98 93 36 9 75 33 45 11
52 53 64 92 75 34 11 93 54 5 83 51 25
8 75 91 38 29 14 70 79 76 79 72 14 26
8 35 48 43 65 39 38 15 28 16 39 49 19
42 85 14 85 56 64 83 79 4 38 28 15 30
3
9 81 43
11 94 38
74 33 39
8
82 20 26 77 87 91 5 98
55 15 88 10 73 84 52 89
71 97 52 96 32 63 13 66
50 27 66 74 87 31 89 57
10 43 87 67 33 86 85 76
11 7 83 99 78 43 45 72
10 22 65 17 82 6 82 65
77 79 56 94 22 57 18 28
31
44 54 56 38 76 2 30 80 32 11 87 39 56 58 78 29 39 44 23 32 5 74 22 20 11 35 12 62 2 75 39
97 7 73 20 64 16 43 86 26 76 78 55 58 72 12 83 50 62 70 78 89 26 27 51 11 91 70 75 42 2 62
72 18 37 25 40 96 16 25 74 98 40 85 12 11 93 34 73 17 44 90 71 69 45 75 55 49 20 18 20 93 75
47 18 51 66 28 86 81 88 61 9 98 22 34 41 81 86 9 55 15 32 51 76 33 64 19 40 5 34 62 48 67
22 72 21 25 57 56 70 63 26 40 33 75 38 66 13 62 16 66 67 22 83 61 68 4 85 48 74 17 72 21 57
12 52 43 69 22 36 39 47 82 21 57 90 23 24 27 86 74 37 91 24 60 64 26 84 84 31 23 14 23 93 27
19 82 34 78 94 52 82 53 96 86 73 50 57 7 14 80 37 13 68 97 10 81 88 48 97 81 15 42 35 98 57
37 33 24 20 15 68 2 26 73 23 38 37 62 96 55 38 23 14 57 44 21 62 59 98 55 3 94 6 60 22 72
22 17 96 99 82 25 76 96 39 40 57 59 82 93 69 55 12 85 20 7 47 36 44 42 93 97 55 85 35 49 21
70 25 13 37 15 88 93 96 50 39 62 81 4 73 77 99 65 55 22 84 83 50 68 99 39 44 81 27 74 20 60
51 29 82 36 26 59 24 14 43 67 50 85 64 20 52 14 19 9 6 42 68 79 25 5 62 35 16 84 57 27 20
22 59 8 5 92 93 80 82 71 56 94 79 39 49 38 59 27 62 32 18 84 89 2 39 48 46 52 42 3 31 99
30 23 82 2 75 61 27 62 79 8 45 90 63 45 14 29 22 43 22 72 69 9 14 87 32 81 84 37 34 90 11
92 49 49 30 25 81 71 26 76 19 47 39 64 40 52 33 3 3 98 7 92 57 11 57 23 38 24 87 48 30 24
37 69 13 2 92 75 20 3 73 9 45 39 93 31 87 99 30 78 90 17 5 26 27 59 97 99 18 75 98 57 3
16 85 57 99 17 6 15 67 43 60 91 49 56 69 4 13 10 15 32 4 98 24 86 34 56 95 60 56 5 10 7
42 50 56 84 70 77 62 16 25 61 6 22 72 99 51 64 87 85 10 84 63 89 42 67 73 75 16 43 38 82 23
29 93 98 66 82 42 10 97 16 73 82 62 15 89 90 67 67 27 72 56 68 33 89 8 38 95 54 19 3 32 89
85 71 34 73 61 99 5 96 69 64 94 95 72 49 7 38 38 56 93 49 43 90 30 88 7 97 2 93 29 45 49
56 76 6 58 42 34 66 35 88 34 20 96 70 77 32 14 14 97 88 20 56 92 43 83 39 52 91 98 40 26 7
35 45 75 72 21 82 53 10 33 28 52 72 38 86 40 32 17 99 13 42 13 39 12 46 2 96 13 91 28 21 70
92 69 34 19 80 74 54 28 31 96 45 4 99 77 50 74 7 56 80 21 10 79 38 41 19 28 41 67 7 47 16
79 33 70 8 13 83 13 11 20 34 84 14 95 23 18 99 21 53 13 56 65 56 88 65 85 59 21 90 74 64 69
51 40 61 89 82 2 60 89 76 80 9 66 79 99 78 70 75 42 30 23 68 50 53 26 44 26 41 87 45 41 4
37 35 80 87 55 40 70 99 89 35 13 98 81 11 53 85 32 21 28 44 27 84 65 94 70 83 32 71 86 28 20
9 73 56 33 9 33 17 36 76 62 57 92 45 31 31 31 9 41 81 32 27 44 3 47 8 59 67 8 37 27 96
24 34 53 10 65 59 61 2 40 88 31 16 92 94 49 36 33 92 91 90 95 56 14 32 92 7 47 69 34 19 30
57 69 64 29 93 70 54 75 12 40 12 43 78 16 65 34 65 35 99 77 80 8 59 29 20 76 38 7 61 47 13
5 51 93 96 86 70 74 19 61 24 65 54 91 50 16 49 13 39 30 4 32 73 43 32 96 78 62 8 42 74 88
75 98 22 45 99 56 83 92 66 80 30 91 93 61 28 41 61 39 21 80 28 5 61 73 39 20 4 28 45 11 49
23 56 3 54 12 43 76 53 61 14 8 25 98 23 28 98 86 47 40 34 23 37 82 20 89 8 28 76 13 13 63
81
15 14 19 12 62 96 61 99 81 50 65 46 58 57 18 38 9 92 2 14 73 27 59 85 24 39 13 95 59 63 89 86 54 72 27 77 77 81 77 90 28 55 90 54 35 51 47 86 56 88 47 12 42 91 47 82 99 37 94 72 51 59 4 93 50 14 57 97 67 37 57 38 69 56 41 13 32 35 82 40 73
94 63 11 77 79 53 86 44 2 50 30 10 7 56 89 89 27 30 26 13 97 53 28 39 86 34 54 44 49 43 56 82 58 91 22 39 2 3 11 56 78 75 2 59 87 59 49 87 91 91 32 92 2 6 48 31 75 79 22 69 68 8 55 24 40 29 27 30 21 57 93 67 70 65 11 74 96 91 44 7 84
12 25 40 93 59 19 34 61 35 7 67 66 19 40 48 10 23 16 53 16 72 36 31 54 31 25 71 46 2 82 71 76 58 83 82 48 33 91 63 11 49 63 72 86 88 71 51 34 28 10 73 42 29 69 30 28 27 9 85 84 86 13 62 78 28 83 70 29 51 72 40 67 92 41 23 73 39 46 43 44 68
85 97 29 99 26 16 79 8 90 70 70 65 78 43 72 72 58 15 66 14 93 97 14 10 85 47 94 33 95 41 45 47 46 9 78 62 15 56 65 22 57 94 86 76 73 27 76 26 8 53 46 13 69 69 87 59 22 88 2 53 92 25 48 22 58 60 21 42 68 99 89 22 20 88 30 97 54 81 74 53 95
87 68 61 7 9 58 58 82 82 74 96 73 84 83 9 65 97 28 54 76 13 89 36 92 95 26 17 93 70 51 25 11 96 19 37 34 69 86 48 18 33 74 54 48 69 81 89 25 63 41 85 35 46 44 57 67 97 22 67 4 91 97 4 26 15 93 90 7 93 52 33 26 63 96 70 64 13 14 81 22 50
72 5 19 8 19 44 51 21 63 59 31 50 90 78 45 49 62 70 12 47 63 40 12 71 94 65 83 94 12 38 47 72 35 34 61 50 37 51 44 28 40 40 77 19 86 65 25 39 19 82 41 21 47 80 51 72 48 93 6 48 59 56 11 13 33 84 17 17 45 96 44 17 95 8 87 86 80 4 12 10 32
65 57 69 48 73 90 51 49 54 98 64 62 11 12 21 65 74 70 40 99 11 58 94 56 83 90 32 95 42 35 67 85 71 78 81 63 33 92 25 23 28 15 4 47 80 4 2 62 47 80 50 46 37 54 5 84 23 61 17 72 58 91 11 10 23 85 20 57 24 23 15 23 38 90 39 33 33 45 29 27 80
14 72 87 41 98 96 46 76 77 70 62 23 66 13 89 12 32 34 89 46 28 95 49 7 73 71 75 25 24 83 51 60 97 36 99 15 61 23 6 55 11 75 55 13 14 23 82 64 77 84 40 38 6 70 36 5 55 19 50 74 78 68 59 80 20 61 36 24 81 43 66 95 40 74 45 71 86 22 41 81 39
97 52 2 63 98 99 16 24 63 45 72 79 9 70 36 74 4 72 61 45 44 5 41 16 91 97 9 96 61 11 78 57 33 95 10 2 82 24 72 79 85 74 46 66 45 71 50 68 70 62 8 51 70 99 38 53 49 13 54 23 2 14 90 42 6 3 69 79 70 44 38 57 27 7 71 12 55 4 2 12 58
83 89 17 43 63 15 83 5 65 7 39 83 69 65 38 45 9 56 98 24 16 27 97 82 97 51 11 20 62 43 12 50 56 5 29 89 4 93 12 12 66 7 27 47 45 60 26 67 53 9 69 80 90 59 83 59 44 12 60 43 82 40 6 33 5 27 33 84 72 79 54 32 30 85 68 37 2 86 74 13 72
41 5 94 20 87 16 21 8 63 2 2 42 73 99 46 69 42 10 3 25 33 30 63 32 33 76 9 73 3 38 22 69 43 6 9 94 75 5 91 90 49 88 23 5 29 48 76 34 13 25 22 69 22 92 25 35 68 21 84 86 78 90 38 98 80 52 38 79 93 30 35 11 54 31 97 89 97 77 48 42 88
14 37 95 64 34 76 26 24 63 42 79 69 73 40 42 95 58 17 72 53 57 47 17 55 63 3 33 64 17 69 6 20 21 88 83 40 94 70 76 33 87 40 55 94 25 84 50 70 65 87 87 84 68 60 35 97 68 37 3 59 97 92 6 69 77 13 91 82 81 68 25 45 50 17 3 61 34 58 49 99 35
64 19 38 2 6 65 60 42 6 51 57 84 11 33 35 37 25 20 19 34 68 99 22 12 93 61 19 33 85 86 64 23 2 30 37 64 14 54 32 4 16 65 96 93 45 65 41 68 63 92 49 76 99 50 75 26 33 6 16 16 56 20 18 27 3 28 36 64 62 93 85 38 41 77 44 8 68 11 34 83 23
41 49 38 13 63 47 10 13 24 23 54 69 78 21 70 19 14 46 79 70 83 39 44 17 60 68 13 73 43 3 74 38 4 63 30 84 70 16 85 72 28 92 36 50 7 8 63 95 86 20 4 19 90 8 5 39 35 73 21 15 6 48 72 90 76 78 98 13 28 56 36 16 37 42 36 11 81 65 66 4 81
80 82 81 19 89 36 98 95 67 69 98 62 98 40 44 34 80 33 78 53 15 92 19 47 26 2 50 86 95 30 90 24 81 59 25 58 98 12 95 21 62 30 80 44 96 99 47 25 95 74 96 39 26 27 16 59 57 84 9 25 11 68 37 50 41 51 30 85 94 10 45 69 43 57 2 60 42 38 30 44 67
57 67 92 63 41 48 81 19 60 99 48 93 53 49 40 22 50 45 69 79 36 92 12 95 52 39 10 72 28 73 67 75 57 85 60 68 41 34 92 6 27 17 37 36 76 26 31 94 85 23 74 53 75 80 81 32 29 40 29 84 41 19 98 92 30 67 92 69 8 18 88 94 89 77 30 46 98 62 36 69 81
74 62 90 51 99 86 33 90 54 23 7 9 59 97 19 7 71 43 42 12 58 80 10 46 82 30 18 81 41 50 7 50 78 98 68 37 91 80 71 47 83 49 81 38 70 6 93 34 14 14 16 92 91 68 16 36 88 83 30 14 16 27 62 20 77 29 32 88 56 55 94 30 90 50 45 4 88 27 70 92 81
39 79 41 52 25 5 81 69 96 75 43 41 64 11 90 64 5 65 79 57 72 26 80 83 87 69 30 42 20 97 81 60 41 91 84 55 32 45 94 22 38 96 3 80 51 75 38 14 82 6 96 15 54 26 2 21 9 86 92 18 73 3 49 18 61 80 25 26 77 77 17 67 17 59 19 93 65 67 29 14 45
49 45 84 28 45 87 43 39 37 91 64 65 84 14 46 98 59 37 13 29 11 26 44 88 68 33 66 81 49 58 11 71 51 22 72 44 52 26 46 7 97 58 36 64 26 6 93 62 31 86 49 56 30 57 65 30 77 9 22 70 27 79 98 82 66 90 96 11 86 77 20 40 15 5 98 44 28 95 80 54 94
40 9 24 77 18 70 26 64 65 51 77 99 88 61 70 30 27 95 36 49 61 97 52 33 38 21 75 9 65 99 11 43 57 27 76 15 38 6 20 77 4 34 49 35 11 73 13 88 30 46 91 47 59 5 38 2 57 73 16 41 90 27 84 14 2 55 33 49 77 73 21 98 37 28 85 16 25 55 90 28 31
24 84 31 79 94 46 95 99 82 41 50 10 96 77 23 8 96 27 66 49 54 41 37 91 76 84 82 73 66 67 5 59 55 83 87 46 8 47 78 99 2 40 13 41 4 91 38 4 6 72 75 86 82 68 67 73 84 24 80 64 86 57 25 3 76 17 8 70 28 73 57 51 13 31 14 87 32 88 5 48 56
17 50 82 86 28 53 19 38 61 16 57 60 76 25 34 84 38 28 21 97 60 21 72 79 79 52 3 88 80 37 23 99 40 87 42 91 66 20 44 35 45 50 39 88 38 10 11 79 41 21 40 21 10 44 3 84 36 36 67 20 62 93 60 85 52 33 93 11 74 73 20 68 30 32 36 51 67 78 39 34 48
74 6 92 59 55 26 13 22 88 29 84 59 18 50 83 18 79 72 73 17 53 23 12 18 54 71 94 18 11 94 51 7 79 49 2 36 36 96 93 99 59 78 96 58 4 25 20 26 59 18 81 48 73 8 2 70 85 44 58 72 81 8 50 48 83 11 68 42 29 32 77 28 36 37 41 34 28 23 90 43 73
16 96 23 70 49 56 91 58 2 52 97 50 35 15 55 7 5 99 53 30 40 66 52 63 19 24 59 83 56 14 66 81 36 70 6 73 59 64 94 99 17 63 97 99 82 62 56 73 42 7 30 39 59 29 27 76 77 3 71 38 35 52 36 30 10 84 38 53 97 60 67 60 26 90 17 43 40 36 69 84 11
65 5 27 88 55 26 82 20 98 84 74 36 81 50 43 19 74 78 65 92 24 10 68 42 50 51 85 35 3 21 81 73 54 90 57 82 98 51 63 32 15 95 33 47 49 53 76 17 58 2 29 9 9 65 90 87 36 97 21 38 31 4 88 34 29 71 25 58 8 10 72 77 99 5 41 3 62 29 2 12 84
61 88 53 22 23 40 45 76 71 86 76 5 66 29 40 99 52 37 79 84 3 28 37 88 13 97 11 24 70 86 53 12 83 22 86 63 75 12 12 58 68 86 12 62 43 35 94 69 17 78 6 36 25 31 65 36 96 41 57 83 14 9 50 18 22 38 43 27 42 5 62 76 68 45 9 77 66 75 22 48 95
66 30 89 92 63 65 31 59 87 39 47 68 5 66 2 30 32 75 63 27 34 78 67 66 32 94 43 30 60 97 59 96 98 20 70 79 32 77 51 81 88 92 26 72 64 93 9 22 62 87 9 54 9 90 30 78 8 62 76 39 92 17 2 57 45 12 64 66 68 65 38 51 66 71 11 54 17 35 7 76 48
66 37 16 49 30 17 85 87 43 18 15 26 16 89 21 67 73 85 4 76 39 48 71 52 71 9 35 2 32 90 81 15 85 91 70 18 60 69 16 86 14 67 36 89 55 99 23 2 92 26 90 2 60 97 98 20 63 97 48 24 35 78 70 81 19 65 2 13 69 56 79 52 57 13 30 99 6 43 56 57 36
35 30 56 80 35 4 39 56 65 44 11 45 15 65 83 96 4 95 75 57 16 11 57 30 71 89 24 47 99 90 32 54 58 24 23 18 4 59 46 43 72 54 33 11 88 74 57 49 42 57 54 50 14 13 98 85 35 54 68 37 50 51 81 53 79 39 89 81 67 61 70 17 4 57 52 38 46 46 82 40 48
52 43 23 98 15 37 74 93 86 97 55 97 56 54 69 89 48 80 78 19 10 34 68 88 13 16 81 54 52 49 93 35 80 43 53 10 30 75 21 4 49 15 54 5 97 32 45 78 70 42 7 84 5 4 40 12 70 63 52 99 20 60 85 86 84 86 5 88 47 16 49 64 87 66 56 64 13 42 23 88 25
79 88 21 63 70 8 29 2 58 25 79 97 82 31 4 59 66 78 83 2 25 3 87 86 60 96 71 5 42 89 7 8 18 8 22 65 85 83 86 93 43 8 86 45 7 70 71 62 22 64 43 83 63 73 54 26 12 80 18 25 8 9 54 46 33 47 27 91 75 60 81 58 10 66 38 5 72 14 18 50 53
29 60 79 20 21 58 55 70 92 33 56 72 42 35 86 4 60 10 51 24 40 15 75 29 94 44 71 80 3 32 85 93 76 61 42 40 42 77 51 44 6 68 30 48 68 72 81 40 25 97 14 36 32 77 22 23 33 79 54 94 7 61 68 84 45 94 30 70 55 35 35 55 29 86 56 29 17 85 62 33 57
93 54 69 64 90 49 54 23 61 78 32 62 72 20 28 54 9 78 99 70 70 88 64 63 11 2 14 35 75 31 85 92 61 12 27 6 10 60 57 66 85 22 81 24 14 65 47 14 63 38 73 8 99 44 21 96 32 86 75 4 43 92 9 69 38 37 56 11 82 43 35 45 87 97 14 42 73 66 46 65 86
73 21 60 90 95 41 44 10 87 21 14 20 78 25 25 87 49 68 38 20 60 74 54 53 45 38 7 63 8 67 42 23 64 10 46 68 44 5 81 57 68 32 96 90 50 95 59 97 51 77 82 31 14 44 21 93 7 73 69 3 81 4 77 62 37 58 78 21 95 2 61 25 5 81 46 35 87 8 35 20 88
70 56 18 32 72 85 80 11 20 41 82 73 75 76 60 42 92 18 48 30 48 15 57 7 64 54 22 84 92 9 73 31 32 12 43 46 97 49 15 42 60 74 42 96 15 41 62 62 59 23 87 10 26 52 54 54 89 63 7 36 46 62 30 75 85 17 8 77 75 16 88 60 48 70 86 98 19 47 88 75 64
27 72 72 39 33 87 61 61 15 52 23 34 50 34 8 41 6 91 80 26 40 12 38 22 10 91 22 46 63 85 46 88 56 34 33 18 10 93 53 43 67 78 79 85 7 49 81 33 46 83 88 97 13 26 55 18 66 27 2 17 11 52 60 48 26 97 67 69 28 99 49 76 33 2 68 55 18 62 9 26 15
20 9 17 63 10 43 70 2 77 85 55 49 95 27 19 83 5 49 18 51 51 24 76 60 87 13 91 46 28 38 61 33 61 45 2 27 80 58 71 19 19 92 25 15 27 29 48 88 9 87 54 72 90 95 15 12 41 60 93 83 39 47 44 12 42 12 45 14 46 26 29 97 47 80 57 34 74 16 23 89 61
39 94 84 14 61 8 17 96 81 93 99 77 68 59 74 7 12 83 49 74 10 77 34 37 9 18 20 85 91 48 6 86 69 2 33 96 91 29 27 5 62 74 88 89 79 91 77 16 41 16 15 70 70 62 40 83 75 65 67 62 42 42 41 22 19 85 59 47 77 99 66 40 83 83 27 99 74 98 14 33 57
97 91 60 40 10 99 69 74 25 28 87 49 93 90 92 90 97 97 26 8 26 22 95 35 82 95 37 11 3 96 87 16 8 87 27 51 64 69 22 20 99 23 22 39 56 61 95 17 39 13 7 22 95 2 69 89 80 37 62 73 87 77 29 47 10 53 29 25 9 56 22 88 68 10 46 22 62 79 85 50 53
36 72 94 40 88 74 4 81 4 73 42 2 99 44 59 33 32 83 85 26 39 45 87 22 94 97 39 66 75 37 65 52 48 92 51 58 25 40 58 40 26 10 8 30 76 76 51 7 69 46 27 30 22 21 51 18 62 78 47 40 42 40 78 75 41 92 40 97 22 13 49 27 31 14 53 74 60 19 80 27 93
32 51 32 92 20 84 27 4 16 28 84 26 32 45 10 33 91 10 11 23 35 42 41 11 12 93 75 24 66 33 14 45 23 50 73 84 81 44 40 17 63 88 26 14 37 6 89 10 90 90 89 74 21 62 84 74 35 90 76 79 70 82 9 2 87 37 26 54 23 17 87 38 45 8 42 81 84 7 90 89 4
9 58 82 78 71 13 9 94 87 30 95 97 6 63 91 64 99 60 82 21 42 97 77 86 11 61 57 59 67 32 40 23 39 60 75 76 96 37 61 53 4 76 17 68 92 17 61 95 3 78 22 57 4 18 13 4 78 32 91 64 43 61 84 19 81 73 26 30 62 15 42 2 26 94 20 55 45 38 76 59 9
83 58 10 86 90 54 91 96 21 55 96 61 40 87 50 72 50 89 11 65 81 3 62 23 37 48 97 28 65 12 83 72 40 49 23 79 82 62 57 27 95 65 77 61 88 67 33 60 49 91 36 88 9 8 18 82 32 11 60 23 26 83 22 33 9 78 7 85 63 22 69 44 13 75 6 58 95 15 29 98 72
80 65 9 81 5 48 47 66 84 88 91 54 63 35 2 95 95 50 33 71 12 72 67 11 80 8 98 41 17 15 25 7 74 8 10 52 48 48 77 5 55 32 4 8 64 42 79 70 12 88 72 85 22 97 4 9 97 24 12 79 68 50 68 5 31 90 20 29 67 42 48 69 23 44 69 76 16 58 68 39 37
59 32 30 15 54 67 26 20 30 11 46 45 43 40 71 55 71 86 33 28 43 98 32 93 84 97 56 38 76 35 48 51 10 83 55 12 7 32 25 20 28 84 28 54 11 15 83 63 12 26 27 66 61 71 3 60 31 6 86 35 54 6 71 72 87 51 75 16 81 29 84 28 22 43 92 39 10 5 19 57 73
48 36 31 43 66 40 2 75 69 66 52 31 4 52 3 71 88 59 31 89 97 67 10 32 72 34 51 28 50 99 57 10 74 50 65 55 8 96 30 93 82 39 95 55 40 56 99 92 75 32 78 42 87 95 94 86 22 69 37 34 45 56 78 77 29 27 30 16 75 76 61 59 74 29 27 26 9 95 55 93 41
93 17 3 35 75 66 87 72 28 15 4 88 51 41 91 64 29 73 60 29 26 98 34 6 88 18 76 76 83 49 28 5 77 24 71 54 4 98 53 85 17 91 15 49 50 18 85 54 52 51 66 92 87 87 34 93 69 41 5 79 85 35 83 26 8 11 4 63 6 63 26 57 23 76 19 47 99 50 81 27 48
11 62 31 16 10 82 92 37 8 4 29 5 78 2 99 61 96 74 72 33 94 96 14 92 26 53 61 93 56 83 20 26 97 89 82 66 47 73 49 25 30 52 60 5 25 69 79 32 68 31 52 97 56 48 24 31 99 99 56 86 37 84 10 91 62 56 21 10 71 8 30 99 42 76 19 7 68 90 47 22 62
10 83 3 53 38 38 57 33 41 41 40 27 7 49 72 51 9 9 26 17 31 64 52 44 23 37 60 49 47 19 53 85 49 20 68 11 34 66 21 57 58 20 34 34 90 33 4 5 57 48 98 69 97 29 74 17 74 2 61 47 61 60 11 41 75 62 12 69 56 97 81 17 11 59 89 96 76 17 38 35 88
65 7 98 66 29 94 43 46 79 12 26 46 89 5 4 38 61 75 87 95 44 46 8 96 65 5 5 82 11 95 33 77 86 42 99 61 7 92 14 11 8 99 36 12 83 86 68 25 87 19 89 61 32 6 62 89 5 42 67 35 50 9 56 46 81 74 57 84 39 48 86 88 74 84 21 34 9 94 52 61 37
82 31 69 68 37 30 42 35 10 54 76 2 75 83 17 90 2 19 20 96 98 75 44 27 55 5 72 21 79 65 13 33 26 96 66 96 21 66 22 47 56 68 53 48 39 85 26 57 87 35 42 75 23 43 44 32 64 95 49 57 87 3 50 13 70 83 76 3 65 34 69 15 33 71 96 93 63 83 61 5 11
85 72 39 70 38 27 16 24 31 21 18 57 74 32 9 39 35 12 58 78 85 44 5 88 86 98 83 32 65 3 3 22 15 20 36 57 31 82 45 46 33 6 95 3 15 18 18 76 43 38 36 71 33 87 46 65 4 45 43 71 3 93 89 60 49 46 93 91 9 18 20 3 67 79 66 77 19 53 40 70 83
73 55 14 67 60 96 12 23 85 33 95 21 67 24 16 56 49 74 52 80 83 7 7 21 18 83 17 29 56 16 38 14 70 21 74 92 60 2 78 8 19 90 43 36 57 22 43 35 26 70 30 36 14 8 3 22 15 38 30 72 83 94 6 84 13 4 18 77 14 93 27 16 70 65 60 87 60 97 54 24 38
59 36 15 35 17 39 41 65 30 16 8 15 27 18 53 74 59 80 15 9 26 22 97 87 92 20 19 4 90 89 54 69 24 24 52 25 14 88 46 47 63 65 81 41 51 65 78 47 98 65 72 47 73 35 38 22 72 7 18 61 54 30 51 39 14 59 39 90 38 20 77 72 99 23 49 55 65 87 10 89 15
7 14 99 68 2 6 60 23 45 62 11 58 16 21 71 94 39 67 52 48 79 51 25 85 35 76 67 34 94 35 80 74 76 58 47 43 66 2 21 2 23 52 76 24 94 19 85 87 3 56 43 92 20 14 23 32 18 90 66 12 16 18 65 35 88 27 39 30 41 39 62 4 92 96 45 77 53 9 72 32 20
8 59 31 89 67 75 73 37 91 71 50 95 46 6 7 39 76 81 78 4 32 27 12 12 84 68 38 57 40 58 50 80 30 2 57 90 83 26 69 56 33 56 96 97 95 89 56 7 45 6 33 33 31 47 94 71 69 96 35 29 96 47 7 92 2 85 10 46 54 3 59 82 11 89 18 52 82 38 60 63 12
30 70 3 61 68 97 64 68 10 69 70 89 46 61 37 74 29 18 7 18 79 83 52 32 52 50 98 91 33 38 47 4 55 15 66 82 40 43 88 34 56 56 9 18 34 10 13 25 45 34 13 90 10 67 17 70 40 22 29 25 44 16 55 21 70 24 64 22 79 45 17 87 12 50 60 41 89 53 48 58 95
92 20 27 46 14 74 36 78 47 55 76 97 34 8 73 33 6 8 11 75 25 90 97 35 85 27 90 52 61 33 27 84 3 58 95 51 23 43 60 63 71 3 38 41 13 73 21 68 23 33 37 18 42 80 75 99 33 11 74 95 52 48 80 50 53 84 21 17 15 50 75 6 24 20 18 14 36 5 53 86 55
8 7 8 83 52 36 41 8 97 89 62 95 86 61 33 57 82 53 3 7 73 61 79 42 9 12 49 84 14 51 22 11 72 17 88 67 80 87 18 60 66 19 19 77 97 76 77 42 44 66 69 57 25 16 84 66 42 54 11 71 13 21 65 74 85 64 63 52 7 21 47 79 91 15 45 79 50 78 75 58 80
72 58 83 64 46 68 90 15 50 49 65 43 39 60 25 81 70 29 17 77 19 10 89 24 78 4 50 13 70 29 94 62 98 99 94 67 81 3 64 88 37 20 89 17 90 74 54 72 2 40 37 75 26 37 58 87 45 60 12 68 80 37 4 72 7 17 25 36 67 4 40 72 3 26 61 95 22 68 64 97 65
32 50 4 75 96 34 35 43 89 81 98 45 66 18 17 17 30 32 20 26 85 38 4 33 49 5 10 23 57 74 85 63 59 62 83 93 64 12 23 72 41 93 71 6 46 54 25 57 63 21 70 77 81 3 50 25 62 73 24 50 53 45 11 62 91 19 4 85 86 32 9 90 10 4 28 55 92 30 33 64 13
8 15 50 76 63 4 34 75 57 86 86 63 59 43 6 18 72 76 56 32 95 89 2 95 57 34 9 21 57 52 45 5 37 55 50 85 10 38 29 57 80 49 74 73 12 71 90 97 22 54 47 53 42 26 60 40 8 93 24 73 15 73 20 15 73 56 11 39 61 49 7 96 94 56 79 83 27 39 50 19 51
72 3 29 28 56 13 58 15 92 20 94 60 52 9 9 63 56 58 5 63 13 73 66 3 58 11 56 74 82 3 20 29 80 65 76 68 84 63 73 42 30 12 41 6 34 69 5 29 44 90 5 56 26 68 30 96 57 95 80 51 47 36 13 34 84 6 30 8 32 49 22 66 36 9 36 40 99 4 46 8 52
29 6 64 80 48 14 49 50 4 97 42 71 91 13 48 76 74 47 70 80 61 83 80 93 2 63 6 95 80 56 41 48 97 90 19 84 54 39 41 58 48 24 48 38 40 4 82 18 23 37 77 78 12 44 12 59 72 87 88 36 87 69 43 53 76 69 12 28 30 6 21 10 75 70 52 36 94 60 53 51 26
13 72 10 29 18 59 94 28 29 46 18 4 40 55 61 47 44 48 36 79 28 63 20 94 36 92 21 69 18 15 85 93 29 87 67 44 63 67 76 65 94 26 52 92 3 74 95 13 76 20 44 80 12 66 4 87 72 80 34 22 43 12 65 39 99 63 21 64 24 41 19 82 67 36 13 51 24 94 17 21 46
35 72 66 27 38 57 69 88 86 59 74 94 14 45 96 54 69 5 40 27 12 87 13 18 16 69 8 17 13 17 69 24 48 33 67 31 19 52 45 81 18 81 34 56 42 54 32 54 76 53 30 10 2 19 63 93 57 30 21 83 7 82 74 89 89 80 94 54 55 20 97 39 80 77 76 33 88 47 22 37 7
53 24 26 68 20 11 13 85 58 32 6 3 92 95 41 82 58 15 26 59 59 35 11 31 82 68 61 35 9 9 23 59 42 48 63 74 88 93 51 26 48 57 93 94 91 62 42 46 38 28 14 30 9 59 27 4 32 89 82 91 22 79 98 39 28 19 26 99 82 91 27 94 67 53 68 19 75 59 80 25 60
76 55 68 6 87 3 52 16 32 63 84 90 37 45 48 72 5 48 57 56 73 60 40 10 2 9 53 59 53 41 23 74 6 76 99 68 95 45 5 41 7 56 77 24 22 81 49 78 28 91 15 21 54 33 5 91 14 56 56 51 64 35 94 23 4 11 91 57 37 30 87 87 18 48 16 54 13 87 66 16 40
36 3 45 4 11 72 53 92 35 3 71 64 39 52 44 14 2 17 43 48 35 45 43 68 87 20 26 75 12 22 22 42 65 96 61 75 61 69 74 11 88 94 29 34 92 60 3 76 68 89 10 14 97 94 44 83 83 34 72 2 45 52 68 20 12 82 66 4 15 57 11 31 13 18 41 43 46 2 90 19 50
94 36 19 30 28 60 45 41 73 63 56 97 38 61 73 70 36 30 95 88 38 86 64 22 88 21 46 50 97 64 90 87 18 45 85 50 4 24 78 85 85 97 39 56 41 57 41 78 43 46 98 57 39 86 34 22 60 67 92 24 69 63 36 53 46 82 80 37 45 10 49 20 41 88 81 14 34 90 90 45 56
21 15 27 19 93 93 5 33 23 71 12 97 68 62 12 44 20 85 33 24 25 95 46 80 31 3 2 65 97 44 5 56 93 20 80 33 37 66 79 62 90 74 50 51 54 52 90 75 82 20 75 57 54 75 45 45 98 94 40 86 45 47 93 98 49 66 89 49 87 82 24 92 46 56 83 78 30 44 10 68 63
14 83 49 31 79 16 44 35 54 90 40 92 26 88 70 40 34 32 68 3 82 31 21 36 59 43 26 42 27 7 30 23 25 30 85 11 96 53 33 88 62 49 84 62 78 44 43 92 3 57 81 50 10 11 37 82 89 32 2 22 34 4 70 83 93 50 9 89 26 47 22 43 60 38 98 87 17 63 30 99 49
80 58 32 62 58 87 13 97 24 46 38 81 91 32 70 96 73 5 7 55 62 51 9 3 84 13 80 86 67 57 88 5 41 12 36 40 65 9 68 50 15 84 37 90 74 41 13 48 72 52 98 69 73 70 87 86 65 53 91 59 15 34 47 42 37 67 50 18 13 46 22 28 55 90 71 41 9 63 88 10 73
17 80 69 76 60 39 82 38 20 2 2 5 12 4 99 48 58 38 88 48 6 61 79 41 19 4 9 83 25 31 71 34 41 98 6 98 2 91 29 93 46 89 88 44 43 63 37 75 97 97 49 39 53 15 63 32 26 51 31 78 19 29 49 20 48 59 97 18 71 22 6 21 57 20 82 67 70 86 4 49 44
95 56 13 12 21 23 42 64 49 19 38 17 97 62 14 29 11 23 71 54 64 99 54 16 17 34 55 49 2 67 20 28 58 50 48 64 32 41 81 73 43 16 83 93 63 56 72 33 87 42 11 63 84 61 72 80 94 52 90 90 72 38 79 13 46 72 42 61 22 87 91 79 73 70 26 7 89 3 53 39 4
74 74 35 15 60 14 55 81 72 15 81 58 11 13 55 40 19 44 49 93 25 56 36 35 60 66 9 83 80 16 94 3 88 59 11 12 13 95 16 62 51 97 82 70 63 94 26 28 29 76 77 75 7 27 33 48 83 75 48 35 10 17 55 27 12 5 89 23 7 28 83 61 12 74 31 77 27 57 50 40 69
20 56 92 82 37 71 36 97 45 78 19 25 86 20 52 27 90 79 38 10 49 7 26 81 4 50 14 53 70 28 82 30 24 10 20 15 29 41 19 59 36 62 12 32 97 49 26 55 30 59 57 89 37 40 18 33 12 46 98 73 6 65 76 14 95 33 46 6 75 4 92 69 26 75 96 84 41 2 52 75 25
47 28 40 23 89 30 40 13 32 73 17 6 88 29 37 32 2 72 14 12 56 11 73 41 62 66 5 48 2 43 91 56 74 64 90 42 19 58 9 56 70 81 60 15 69 16 9 83 91 99 77 82 74 40 21 67 93 31 26 3 98 41 85 74 98 76 20 71 12 8 15 91 60 49 84 44 43 99 81 64 5
3 24 69 60 80 37 59 60 93 38 82 23 71 75 39 7 70 35 17 75 41 7 72 37 95 49 96 76 92 98 90 15 50 5 78 89 67 3 89 84 54 74 30 23 91 56 21 48 81 20 4 24 55 72 51 77 25 53 28 31 63 92 21 78 90 51 37 87 72 19 87 26 16 78 32 64 41 60 77 26 24
59 81 15 2 22 12 26 15 11 37 75 4 6 19 66 53 82 75 5 37 41 55 36 74 39 82 98 80 88 39 39 61 35 36 76 50 39 59 68 97 7 32 8 10 35 28 29 22 76 27 38 89 11 13 46 13 10 61 45 99 15 42 52 32 75 37 24 79 70 33 79 98 93 33 24 23 66 5 88 92 96
26 96 59 29 55 98 12 13 46 83 22 93 15 14 36 70 73 52 55 89 69 62 77 39 41 21 4 19 40 77 43 12 89 20 37 90 15 89 71 4 8 3 13 17 48 33 39 73 56 24 58 89 80 81 63 89 51 76 26 41 95 16 99 59 23 93 91 16 74 60 28 92 24 64 60 18 10 27 50 28 80
51
37 49 25 52 83 79 61 90 7 13 82 77 32 11 83 68 8 33 73 45 38 37 95 8 37 63 60 97 54 47 3 40 35 62 85 9 7 29 94 29 21 95 20 89 85 68 15 58 74 27 75
70 21 78 24 11 7 65 42 64 55 50 32 28 89 49 82 92 80 76 40 21 3 54 66 52 41 95 16 18 55 77 29 98 60 52 6 73 83 14 52 90 95 63 14 81 37 10 87 39 64 70
56 49 95 75 45 5 15 90 50 84 51 51 76 15 31 30 5 66 34 65 3 79 9 48 61 23 8 88 91 44 6 86 65 5 94 33 72 50 58 20 34 51 96 88 95 66 17 62 97 29 35
47 88 64 67 72 74 9 56 56 73 61 82 39 62 49 14 57 2 58 28 27 36 69 95 63 62 3 37 19 13 73 14 47 19 53 10 13 89 88 98 20 65 43 30 64 29 25 55 61 63 22
10 8 67 86 35 85 6 38 97 43 91 62 13 41 60 59 54 89 55 38 80 98 98 68 69 38 31 38 94 48 26 35 96 21 19 90 71 87 61 56 59 12 2 13 82 22 76 19 88 29 32
53 57 47 75 25 7 47 90 22 78 15 62 38 45 36 76 67 39 23 59 4 17 5 60 17 8 37 3 29 43 57 93 91 39 68 73 53 16 91 45 24 60 9 71 17 95 36 4 78 99 67
18 63 22 68 74 99 62 80 87 41 52 98 6 98 36 56 34 80 57 26 11 19 39 38 12 72 99 69 2 65 22 28 95 67 26 89 83 24 18 5 22 62 62 63 17 90 9 14 54 59 78
44 56 24 86 11 84 69 4 97 95 59 99 58 37 64 20 58 4 66 29 84 21 58 57 66 93 85 96 59 57 26 26 93 91 95 27 29 91 35 72 27 95 30 91 25 25 84 95 37 58 21
18 26 52 48 26 77 78 58 23 78 43 6 96 43 63 62 49 38 71 54 4 57 19 56 33 69 24 87 99 87 54 35 30 32 71 44 89 66 35 9 99 11 65 7 6 40 86 28 64 21 20
39 25 91 75 59 74 25 55 62 65 63 74 30 74 19 57 51 85 57 41 10 2 6 24 55 82 4 95 27 25 14 68 9 24 87 60 14 38 97 31 57 13 23 22 67 30 49 88 51 16 79
89 14 46 88 97 31 56 26 2 85 47 33 60 79 97 4 67 58 96 27 75 21 31 17 78 73 49 21 86 83 11 98 71 48 38 65 7 49 65 47 78 19 95 37 42 88 52 88 2 28 73
60 30 73 88 56 47 84 30 74 48 30 28 9 30 93 58 45 77 70 47 52 97 19 40 11 58 29 37 17 40 91 77 29 33 50 68 54 33 72 18 98 60 90 54 97 57 3 48 18 98 2
62 79 37 57 46 35 84 10 57 58 86 40 30 76 17 79 7 69 84 68 64 63 16 4 66 38 99 79 54 19 98 62 79 85 86 2 36 16 86 14 20 47 23 94 41 46 70 28 46 98 28
94 37 99 34 36 62 95 71 62 46 22 70 57 49 35 18 23 86 66 85 32 32 13 89 75 3 34 4 47 62 82 85 53 76 96 69 92 45 25 37 52 77 16 83 89 45 84 88 55 82 35
40 82 14 96 40 13 55 77 88 61 17 33 6 70 24 66 20 50 46 84 49 56 25 61 29 99 52 83 2 42 76 29 11 17 35 18 2 85 92 98 14 12 53 16 70 54 14 95 50 67 14
10 16 50 66 43 88 13 82 33 62 3 4 39 25 67 24 83 9 8 90 24 15 67 4 19 7 73 37 29 51 34 23 87 85 13 57 39 13 9 23 12 13 79 78 50 66 65 92 51 86 60
53 64 98 22 18 38 14 63 14 11 93 73 27 10 21 92 7 47 25 44 53 75 37 38 52 2 65 93 66 83 65 94 57 39 95 74 14 63 38 23 49 95 13 78 19 5 26 73 32 64 27
62 48 40 7 77 47 91 22 89 30 86 81 34 43 38 96 92 30 33 27 9 23 98 52 74 42 21 75 41 94 12 37 61 34 85 13 96 62 57 22 33 82 32 87 72 15 75 11 35 35 15
9 75 38 6 65 86 63 60 57 69 95 85 44 12 10 31 48 39 16 84 44 13 2 85 88 63 45 44 26 65 63 78 84 15 66 78 34 4 48 3 5 14 72 12 75 76 69 19 88 37 97
8 72 88 31 28 81 14 66 67 69 68 26 76 6 6 98 51 74 52 28 44 36 5 3 46 17 27 87 85 47 8 15 7 60 39 94 87 74 69 55 65 66 44 27 66 48 89 41 46 51 79
13 82 38 95 31 20 36 51 44 96 19 52 74 37 96 96 84 30 6 58 98 38 61 90 83 3 7 48 67 87 90 10 30 62 90 53 17 10 14 83 15 19 10 27 33 54 51 48 93 81 20
73 32 74 46 84 41 82 63 20 77 36 31 50 75 56 41 65 63 67 90 73 5 21 12 91 70 7 16 82 96 51 31 73 83 51 74 89 78 51 67 63 36 52 98 39 13 88 53 71 29 8
95 9 34 49 11 72 74 11 55 77 24 85 21 33 56 32 21 8 39 40 43 8 87 48 43 8 25 25 43 81 12 7 22 47 53 20 5 65 50 37 78 58 30 41 40 72 36 87 3 51 57
90 9 76 57 23 54 55 4 73 43 86 28 37 58 68 18 24 6 59 71 33 33 52 23 16 2 20 39 64 33 27 3 62 39 6 81 35 46 92 99 76 87 99 81 35 52 18 16 13 19 72
62 16 58 53 87 49 66 86 8 85 29 86 69 17 4 98 72 21 25 97 32 69 71 98 37 92 69 48 6 74 57 32 94 68 45 46 57 23 54 44 5 23 64 20 56 44 3 77 14 16 94
63 94 24 41 80 73 36 76 58 35 3 71 51 46 9 54 56 45 62 68 73 65 57 10 19 83 72 32 62 90 85 39 95 7 13 88 52 17 81 38 43 9 19 99 37 38 43 84 90 16 85
75 57 71 13 87 71 49 40 10 65 31 8 44 41 89 35 5 96 73 19 68 31 26 74 52 62 52 4 87 94 23 47 53 69 33 23 30 73 42 39 43 95 5 28 47 64 73 20 8 26 69
24 46 44 58 77 73 35 14 63 79 49 26 5 2 75 93 41 54 60 82 17 89 85 60 59 41 47 7 20 70 82 84 7 94 27 77 57 32 6 88 12 6 39 3 22 52 46 55 73 94 49
2 69 82 3 62 35 96 9 39 88 36 18 16 90 51 29 29 82 74 73 95 70 18 91 48 66 75 86 52 75 68 22 35 48 72 58 2 55 50 2 66 47 93 24 45 27 67 26 84 59 17
64 5 95 50 24 73 77 46 14 60 3 49 72 7 30 27 14 26 81 36 36 79 70 31 37 50 97 56 97 40 55 99 37 98 85 34 86 36 52 87 61 85 63 50 79 2 36 8 64 19 12
9 89 78 71 95 59 28 11 91 14 81 56 36 30 94 35 22 77 55 27 43 55 50 65 59 60 73 27 86 52 99 13 86 62 67 30 48 41 73 76 81 33 39 63 94 23 52 68 67 97 60
9 28 34 42 27 38 96 71 31 94 49 81 53 61 30 2 74 47 24 34 26 49 76 84 84 97 27 92 65 73 23 31 47 15 93 11 15 99 87 35 32 7 57 37 61 5 37 8 21 76 59
99 67 45 78 46 2 57 25 62 97 70 6 37 72 7 59 51 31 2 53 25 20 19 42 29 62 74 39 79 13 18 58 65 89 59 32 18 62 87 74 96 67 18 7 6 41 61 30 40 67 75
79 6 69 22 15 36 30 14 43 74 90 43 64 38 29 4 65 95 22 32 77 2 41 59 18 38 69 72 7 85 92 76 70 19 15 21 81 59 54 43 88 81 34 60 22 86 72 31 86 92 71
23 15 89 60 97 33 4 18 75 54 63 55 91 31 5 20 95 8 52 53 74 4 17 55 97 89 88 67 17 60 47 26 36 37 35 48 60 36 6 19 68 99 20 2 72 10 22 44 38 98 53
99 78 52 28 54 92 44 89 60 69 17 77 18 61 5 34 48 9 60 58 65 18 6 77 13 14 71 50 4 21 54 14 86 2 62 78 96 46 28 32 10 19 32 5 53 92 89 77 51 65 23
95 22 5 22 54 41 20 98 3 10 17 11 90 31 43 33 23 29 90 92 7 12 55 63 47 13 55 70 43 79 83 86 58 85 34 29 62 89 61 36 20 33 40 58 99 89 74 56 77 55 46
89 64 83 45 66 37 58 2 85 70 90 42 61 45 51 15 73 3 76 12 45 16 17 51 51 95 3 16 16 45 26 79 85 14 89 67 16 58 43 29 46 20 59 78 19 13 59 94 79 88 75
55 53 79 29 78 43 34 65 83 22 96 59 75 54 31 92 58 88 21 78 69 83 9 21 72 4 25 35 47 10 56 62 8 86 8 84 27 91 86 34 7 90 76 20 86 14 71 40 46 45 53
3 83 34 25 78 89 45 29 17 62 34 83 95 12 74 67 50 42 39 85 4 14 88 18 70 44 35 20 60 44 77 29 36 17 36 5 19 18 97 10 34 67 77 30 4 18 29 78 31 27 77
62 53 44 20 94 67 13 54 2 4 31 85 61 95 94 48 77 93 21 82 92 44 24 62 57 27 11 78 52 78 16 32 83 8 78 35 72 53 81 18 90 39 52 93 59 37 25 65 99 70 26
53 65 25 72 89 53 46 48 60 32 15 66 14 39 32 80 22 47 86 8 39 80 72 34 52 74 44 55 56 49 86 19 75 58 61 8 15 65 57 33 43 91 20 9 42 10 38 12 99 90 30
61 77 89 55 11 3 78 69 64 7 2 67 36 17 38 49 97 54 81 52 45 78 81 84 46 49 75 34 36 6 26 65 8 33 27 21 40 83 33 14 70 26 32 60 25 52 63 30 97 10 22
90 35 65 35 2 26 59 54 84 81 29 38 80 3 59 69 78 90 88 69 5 54 60 70 71 37 83 62 78 27 6 15 89 72 29 63 65 9 67 57 99 54 44 44 25 39 33 24 78 21 90
85 56 24 90 4 89 40 16 41 88 87 85 20 30 83 94 54 32 32 94 56 38 86 97 88 6 39 23 45 8 71 6 13 75 58 25 73 96 43 32 8 68 31 48 9 41 45 77 11 78 26
49 31 21 42 45 78 98 83 47 50 64 51 88 20 73 99 71 13 80 83 79 90 96 14 65 2 13 90 37 71 24 99 40 57 87 38 78 47 81 77 23 32 98 55 88 85 22 79 5 32 37
74 33 54 49 93 70 12 63 51 11 98 61 97 89 82 33 42 31 25 6 32 51 59 37 40 9 84 43 34 28 22 26 37 98 26 47 55 44 63 28 5 85 84 22 43 42 19 80 83 79 42
18 20 74 55 76 96 62 23 7 45 83 44 52 78 75 64 98 40 8 45 25 42 91 17 6 90 83 4 41 33 34 95 93 95 30 41 82 96 37 24 97 66 7 15 2 54 88 79 8 32 13
82 96 93 38 96 7 75 41 42 94 72 49 26 33 48 22 47 71 26 51 30 93 88 28 21 30 39 18 3 90 69 98 46 74 86 77 9 37 40 53 25 67 57 30 45 93 44 55 63 71 29
80 20 64 18 5 4 50 65 29 12 35 20 82 68 86 12 39 67 75 79 27 88 36 72 51 80 66 19 90 40 42 48 12 87 22 9 15 47 98 94 35 51 81 38 9 39 77 82 31 2 76
52 36 11 85 4 76 94 58 53 74 71 52 24 21 48 73 82 73 23 46 93 10 46 84 97 70 58 95 52 41 44 19 72 76 29 16 21 6 58 47 16 51 30 10 47 8 64 47 39 18 70
56
86 69 88 22 67 85 57 97 52 3 43 37 87 90 41 13 52 33 31 36 63 74 5 41 26 32 81 9 80 74 3 72 32 81 64 24 87 45 48 70 90 72 63 98 32 83 19 94 40 20 94 17 70 14 90 72
39 44 67 29 46 11 62 22 53 85 69 26 20 7 7 41 73 32 74 22 64 69 88 81 3 15 60 51 76 8 68 22 52 33 27 97 38 63 89 62 85 83 10 72 86 65 9 39 57 56 69 61 3 10 96 81
61 55 40 96 27 80 16 72 56 40 95 85 82 24 98 27 99 49 56 18 53 93 84 12 42 19 6 95 60 52 21 8 69 8 36 62 4 24 91 43 68 63 16 64 34 87 72 19 99 72 42 46 74 33 67 2
16 39 70 56 43 70 57 15 21 10 45 2 34 71 69 31 90 66 37 77 35 77 37 77 78 88 36 62 93 82 55 54 71 99 40 75 25 88 99 64 2 22 37 5 15 8 70 72 41 60 26 14 43 71 70 27
4 58 58 59 68 50 91 56 46 56 80 82 90 27 36 99 85 44 86 37 57 57 82 3 36 96 66 89 46 8 23 18 97 84 90 81 18 94 80 89 82 57 32 50 74 15 96 95 6 16 41 85 18 47 73 76
6 21 87 56 87 30 13 97 67 44 36 54 17 61 68 63 14 59 73 35 26 34 95 68 49 49 51 26 97 96 77 49 31 83 27 24 78 61 83 7 86 57 88 63 8 51 43 34 85 56 39 80 16 34 40 65
62 21 20 94 32 60 70 24 11 91 88 98 94 96 89 27 50 78 40 64 33 24 74 98 27 91 34 71 22 13 80 62 33 2 55 78 82 12 78 25 86 98 53 90 53 26 5 64 79 45 94 98 49 75 38 71
70 77 64 29 42 82 39 26 36 76 86 90 83 51 22 87 90 67 31 97 77 42 9 85 97 74 65 87 35 18 45 17 86 81 20 93 9 77 37 30 91 34 42 80 32 34 82 85 17 24 85 31 78 73 38 83
69 97 18 73 50 16 34 62 39 27 5 30 29 62 43 37 81 90 34 4 75 14 24 87 80 94 52 64 20 58 70 67 40 82 68 35 51 13 40 57 97 71 8 86 13 14 40 4 80 57 63 99 27 47 15 88
30 24 16 12 66 95 23 71 2 4 5 25 83 26 49 35 47 32 80 70 11 64 34 94 15 19 40 16 61 87 73 77 73 6 93 21 19 88 63 65 62 25 24 3 71 48 49 75 15 10 18 37 61 51 51 86
39 5 24 57 2 89 19 89 82 4 3 53 59 95 3 65 7 58 52 71 12 43 85 62 80 6 39 77 24 64 45 86 91 58 44 7 18 3 36 72 19 67 55 71 90 75 15 43 71 44 79 9 67 46 14 45
91 53 60 96 30 94 3 37 66 12 35 76 9 72 19 41 49 61 21 21 77 36 25 39 2 28 88 10 50 57 59 98 80 31 80 3 17 77 44 25 80 61 57 24 2 28 31 44 56 87 19 22 90 82 23 68
27 23 80 15 21 43 60 80 87 91 56 96 71 48 28 98 39 34 36 5 38 96 56 18 60 6 91 48 45 63 64 32 19 91 6 49 78 32 32 97 67 82 82 46 73 83 57 66 67 80 69 83 52 52 31 57
77 12 45 19 72 30 64 11 95 54 47 12 17 59 12 69 69 84 33 49 79 18 45 75 20 48 45 82 6 43 11 87 3 57 21 32 47 69 27 51 83 28 75 30 37 44 64 58 22 82 39 52 93 30 38 26
31 86 5 68 89 62 25 66 52 34 74 68 64 71 19 47 42 55 19 88 48 54 36 16 23 42 90 84 55 76 12 63 81 73 94 7 9 99 17 45 91 17 31 80 88 60 67 7 46 40 40 97 77 24 98 5
81 47 70 74 36 72 24 71 69 46 91 60 76 79 30 23 59 13 5 39 8 51 91 10 68 94 92 71 50 25 66 35 14 65 17 27 8 80 21 42 86 84 63 88 7 43 95 23 35 23 7 72 66 36 77 2
84 19 98 54 13 53 14 87 40 41 62 53 19 3 7 27 4 5 89 32 56 21 16 55 67 41 30 5 57 72 40 88 87 35 58 83 74 57 89 31 29 54 17 63 33 40 99 65 68 75 14 86 50 9 37 87
40 39 93 59 41 91 22 53 32 28 16 97 70 36 13 3 3 19 43 61 75 5 18 31 99 55 48 48 87 66 19 63 5 87 59 60 71 62 90 77 43 57 92 21 55 9 80 28 53 78 54 73 44 92 94 88
11 91 78 35 95 61 51 90 27 32 40 97 73 30 12 78 5 78 96 62 20 78 89 74 21 42 9 2 61 81 9 70 65 49 8 48 25 18 12 44 94 14 10 34 13 74 99 74 21 32 73 5 33 13 87 83
47 35 86 88 19 72 80 46 80 2 87 57 86 61 30 61 85 57 3 89 56 15 5 4 48 93 48 4 82 15 84 65 55 9 92 52 95 32 14 98 26 37 62 13 55 17 62 25 73 76 68 74 35 68 70 96
30 86 77 50 46 12 50 15 83 23 97 44 81 47 35 84 43 33 14 24 81 15 99 6 5 89 75 25 74 83 87 73 41 65 7 22 21 72 86 25 21 72 15 6 61 5 64 21 52 70 99 49 39 23 27 9
19 61 42 24 12 75 36 58 33 93 87 26 28 83 15 98 57 83 64 87 57 24 5 63 18 71 97 32 75 20 85 76 87 35 39 38 91 67 25 65 22 63 64 87 96 17 85 51 52 14 72 50 45 15 30 20
74 32 77 42 31 68 77 40 29 18 76 28 76 86 97 89 63 68 13 70 40 97 12 9 9 8 32 23 48 55 13 11 48 93 37 77 75 70 20 77 85 17 60 72 2 47 97 29 67 3 56 53 18 78 59 57
82 48 48 42 29 76 11 59 83 95 2 37 53 79 20 70 36 75 13 52 24 95 98 5 50 41 47 4 28 71 73 90 88 72 83 95 74 93 41 22 88 68 35 13 67 15 25 5 37 46 52 12 58 82 48 2
77 5 14 97 19 67 43 39 74 58 54 25 97 5 6 12 14 83 3 55 89 80 67 10 51 6 65 92 94 61 77 20 22 94 30 6 68 70 98 5 70 33 48 92 51 72 35 31 50 79 32 69 8 92 32 78
25 69 54 52 85 86 30 62 82 9 20 47 68 89 75 49 54 22 53 44 74 9 90 76 57 87 86 7 82 64 99 12 90 51 54 60 87 94 50 38 49 56 19 23 22 24 31 45 39 20 16 27 41 81 14 27
29 9 62 54 2 55 26 77 38 56 28 43 34 80 75 59 94 34 89 94 40 50 34 66 55 75 83 28 17 33 19 30 37 18 71 24 42 96 47 2 30 76 37 86 6 25 23 68 58 25 30 83 43 21 42 16
56 92 62 86 39 78 42 12 18 35 92 63 75 19 13 16 16 90 59 70 96 84 91 26 44 21 7 90 29 96 25 70 88 42 9 85 83 33 80 43 47 29 6 87 79 49 12 49 57 38 61 35 54 81 32 45
89 52 11 41 11 46 58 57 4 96 25 64 46 30 7 96 61 55 96 31 95 26 10 78 87 29 63 39 80 73 59 35 76 45 33 35 72 52 64 28 42 64 48 49 82 68 63 31 33 30 94 84 68 76 96 24
90 85 51 3 23 51 81 4 27 9 35 22 35 70 23 79 68 96 84 30 86 92 73 99 68 66 18 17 87 83 48 21 52 38 40 95 62 8 21 39 28 50 44 54 2 52 22 81 23 64 10 59 42 29 52 77
24 78 31 86 46 87 62 45 21 88 5 41 95 76 63 34 49 82 2 76 30 19 75 29 96 48 8 65 95 8 47 42 51 17 97 55 79 37 72 19 93 77 99 80 46 59 35 63 16 19 33 88 25 82 65 91
62 85 26 3 11 2 90 85 37 31 19 68 48 54 38 67 56 71 97 13 64 85 62 41 99 11 40 81 11 19 49 45 39 60 19 66 92 28 84 49 96 49 84 26 83 23 46 30 3 23 38 31 78 62 67 21
38 30 3 72 29 35 75 88 46 85 76 58 24 51 62 24 73 41 44 21 84 37 60 37 66 6 89 30 93 4 32 18 6 51 72 58 43 34 41 61 17 34 78 53 14 76 84 7 54 47 77 87 88 75 69 84
64 31 98 9 91 19 16 44 8 19 94 6 44 45 59 79 59 41 54 30 48 67 85 16 48 30 25 97 79 32 7 38 30 51 30 16 52 29 73 73 22 80 42 9 54 11 8 80 36 86 41 74 90 51 92 81
90 31 74 7 50 13 24 48 60 86 47 51 44 40 42 98 67 28 69 18 37 10 53 69 72 19 57 69 50 54 19 57 60 42 35 65 45 78 28 90 18 15 7 7 99 14 38 42 71 40 30 52 12 14 46 26
39 51 33 34 2 13 95 99 26 82 68 74 50 43 47 49 33 67 84 53 81 82 74 34 21 2 10 73 83 33 63 46 73 73 47 16 13 73 59 90 76 25 48 16 16 62 12 23 67 36 86 53 18 48 32 42
70 92 96 9 72 38 55 44 51 63 2 86 96 93 41 86 55 22 97 65 60 13 20 56 57 25 33 26 99 48 45 23 24 5 70 28 11 11 31 4 93 47 62 20 32 65 44 23 28 74 92 9 74 42 54 65
94 52 55 8 12 92 77 61 39 82 12 16 70 55 19 49 28 92 24 72 76 40 34 41 9 8 93 4 54 6 18 62 73 91 11 49 13 34 51 63 66 43 46 42 6 87 99 89 35 59 67 53 22 32 14 53
31 45 91 70 33 46 93 8 72 16 15 28 66 77 7 81 48 7 26 79 51 24 71 10 13 34 18 69 9 48 80 44 90 47 13 90 80 52 32 71 95 52 38 37 30 76 96 49 85 83 63 24 11 3 41 17
35 16 54 14 13 57 21 5 31 2 84 41 57 26 40 80 79 32 64 74 81 79 42 58 40 87 52 98 44 32 20 56 25 30 18 77 58 77 98 49 35 85 77 89 17 45 44 95 92 63 44 68 77 88 82 41
25 36 56 19 26 19 27 24 89 91 82 40 35 58 99 26 46 97 93 11 52 99 54 56 99 35 40 46 29 6 26 81 51 6 45 13 46 53 32 94 89 51 51 42 12 14 94 3 45 96 56 40 2 47 8 77
54 89 80 50 51 61 9 29 53 46 53 79 14 74 43 50 95 66 98 48 95 77 24 21 9 82 83 68 72 36 48 62 37 10 28 35 92 32 96 86 39 90 61 3 45 17 67 88 75 16 25 31 36 90 7 68
45 5 85 78 42 44 95 99 72 26 45 47 7 43 84 36 70 71 11 70 19 65 33 20 98 44 41 42 54 20 11 50 95 62 82 39 24 47 93 16 98 66 30 75 52 2 73 16 12 59 44 42 17 53 24 44
66 6 14 96 92 73 38 3 58 18 68 45 75 78 72 86 5 21 66 88 36 42 8 54 71 72 74 27 19 78 13 15 82 86 95 66 44 34 78 17 97 50 80 13 45 87 47 90 49 80 63 85 78 12 26 20
85 58 42 93 79 61 35 73 19 75 32 60 35 91 79 96 66 57 25 32 66 50 7 85 34 36 77 47 73 18 3 18 31 85 54 40 9 62 50 75 67 25 52 73 88 13 83 5 67 77 91 55 91 3 40 74
96 25 82 84 36 56 84 68 62 60 43 47 28 25 36 35 66 36 13 32 51 11 75 45 78 25 97 19 47 36 70 35 43 4 62 62 18 70 8 57 26 36 86 38 84 76 2 14 87 95 54 97 22 76 23 37
87 87 86 30 12 49 9 58 31 59 89 55 31 48 30 31 90 52 5 22 45 78 3 78 35 61 93 29 33 72 53 72 34 78 50 75 25 69 32 33 15 29 96 66 69 42 3 24 14 72 43 5 83 36 30 44
87 80 20 29 13 23 5 95 71 94 27 25 90 75 46 55 64 63 18 39 6 9 55 88 82 98 14 62 84 62 94 97 38 94 41 75 21 89 77 57 75 78 71 86 77 76 50 15 26 85 32 58 21 61 45 73
38 46 71 50 90 3 7 82 46 21 92 66 86 44 99 72 30 74 33 19 45 15 79 33 90 65 91 34 37 73 40 64 90 13 67 97 17 17 95 9 5 44 70 74 52 11 51 31 14 70 88 31 74 66 31 26
90 45 52 17 37 37 43 59 91 2 37 66 64 99 88 57 18 71 22 77 75 27 52 26 17 71 77 88 94 52 47 62 48 67 30 73 53 93 53 15 69 25 30 6 95 11 26 29 90 95 16 8 80 63 41 51
72 64 59 21 12 34 77 72 93 95 50 87 77 15 97 48 39 86 34 7 8 43 23 32 2 96 44 33 83 26 52 15 77 27 43 67 47 75 27 25 45 6 54 26 39 47 47 54 49 49 91 43 19 27 7 73
24 55 37 72 92 52 54 15 7 21 22 56 13 3 68 69 81 14 22 25 61 75 20 79 83 92 42 98 77 42 52 85 24 17 41 64 35 16 92 53 52 73 56 22 42 24 21 68 30 71 23 54 13 31 61 83
9 77 10 70 30 10 58 35 58 5 18 68 70 15 10 9 99 80 94 72 31 14 64 44 51 46 22 23 29 57 21 21 40 2 32 62 75 31 2 56 54 31 92 64 40 55 57 11 81 87 65 7 41 89 23 38
52 90 31 19 93 23 8 78 57 18 57 4 60 3 91 21 54 44 10 67 63 67 47 44 21 86 3 49 65 63 63 54 91 49 61 99 81 94 53 40 5 5 86 69 77 51 47 32 76 35 72 11 70 90 3 91
44 11 63 54 36 32 14 33 20 50 43 11 65 48 98 58 17 64 71 34 37 27 82 26 33 40 12 21 39 36 85 83 42 40 59 24 99 72 56 66 72 12 18 68 12 39 68 30 60 29 87 11 66 14 3 10
33 15 76 99 72 82 59 91 6 65 97 91 86 56 34 44 98 86 67 98 7 90 12 99 41 76 72 29 51 18 6 14 85 40 18 83 84 14 87 20 85 81 23 75 9 9 49 85 60 60 87 44 95 57 38 90
16
65 79 24 41 94 4 53 23 73 75 26 65 81 2 93 36
57 6 17 7 56 80 86 53 18 39 43 34 16 16 77 99
90 35 77 51 37 18 19 23 5 35 42 90 48 45 10 8
55 2 92 79 82 84 75 75 60 67 2 84 7 24 83 75
47 15 38 99 68 67 39 65 72 57 77 99 39 17 45 48
96 24 37 23 21 94 66 76 17 25 79 91 74 95 87 6
97 14 61 43 30 68 28 90 80 93 95 90 77 22 58 12
24 14 77 65 46 13 11 30 67 96 60 72 3 65 29 44
36 17 28 13 77 38 40 65 11 13 51 95 26 15 94 77
76 20 60 98 66 18 57 86 56 15 40 71 22 10 43 58
76 82 49 68 86 27 39 47 24 73 74 32 52 86 49 47
65 79 17 11 50 97 32 5 93 89 81 52 99 64 25 78
51 34 55 12 88 3 85 96 40 93 66 36 63 73 56 20
5 52 29 17 28 55 38 39 87 80 4 86 34 89 30 22
81 31 76 7 27 55 50 83 61 13 62 66 53 44 12 78
18 6 72 93 98 88 84 94 25 26 52 31 30 65 89 65
15
48 48 4 54 15 47 57 74 63 82 82 19 81 27 30
89 93 9 66 34 20 34 74 80 17 82 39 88 14 69
13 56 97 91 85 15 79 32 81 59 17 85 24 55 19
17 51 32 56 55 99 45 28 26 58 98 38 64 20 87
63 61 34 45 99 22 16 66 22 60 88 29 39 5 65
12 49 49 20 12 82 2 78 37 96 69 74 43 8 37
34 51 45 10 11 79 52 60 79 96 61 84 84 3 41
89 20 18 38 27 87 17 54 48 43 22 74 56 6 55
17 30 63 82 24 96 38 10 34 78 15 78 77 4 98
42 48 45 23 66 91 36 26 35 70 28 42 83 46 96
44 65 82 8 36 28 50 74 54 49 20 15 18 59 80
88 94 29 97 28 4 14 50 53 99 67 85 36 25 69
83 10 12 37 65 23 53 90 44 79 3 25 87 83 35
98 84 89 80 16 41 40 92 4 37 55 58 44 62 93
54 33 23 42 87 43 17 78 3 26 32 41 41 53 56
95
10 41 58 45 69 10 11 69 92 87 88 39 27 38 81 44 20 10 76 10 51 17 76 44 45 5 20 4 51 71 73 55 45 98 8 57 49 71 78 45 30 33 82 16 59 3 67 86 57 86 78 70 58 94 22 28 52 39 57 12 73 20 18 59 80 87 35 25 23 47 13 16 65 52 54 98 49 38 5 45 38 24 14 99 77 82 22 94 93 93 7 78 40 83 15
68 94 43 19 30 90 31 8 5 97 62 3 20 74 49 77 8 36 42 98 8 80 63 44 8 28 88 18 6 90 79 21 96 82 97 39 89 36 32 61 77 28 8 3 24 81 38 91 52 50 85 24 29 11 12 53 37 93 18 46 86 23 41 66 57 57 40 85 2 49 20 44 85 22 52 50 61 86 40 86 69 88 5 88 8 89 28 62 76 95 62 34 95 98 21
10 75 9 17 49 70 66 33 24 21 7 84 66 39 78 31 29 56 42 10 79 79 71 75 51 91 32 72 47 10 6 99 99 70 76 62 37 66 53 59 79 61 81 54 51 82 81 93 78 21 30 77 26 71 26 37 48 43 82 4 92 55 91 24 51 51 59 57 49 96 28 49 41 54 13 76 87 85 64 77 74 57 93 82 90 14 13 87 81 35 47 29 45 35 93
19 97 55 10 36 14 82 30 69 10 13 66 35 92 59 10 93 57 62 36 31 54 3 47 55 69 49 4 95 26 62 59 96 83 18 5 64 19 72 97 58 3 29 8 49 63 43 5 68 57 76 45 38 86 50 33 62 75 90 34 6 93 99 72 86 86 50 41 54 84 71 78 72 93 34 83 54 82 39 14 44 92 58 37 67 41 29 6 11 24 72 85 8 93 41
53 31 91 43 62 72 9 64 25 58 6 97 3 64 87 44 76 34 3 50 70 57 3 57 56 50 57 19 57 2 65 69 32 72 59 68 55 85 5 34 76 67 69 54 78 67 65 6 44 35 9 46 33 15 27 12 62 20 68 24 33 57 51 74 13 35 50 91 19 44 80 90 84 42 61 63 67 75 63 15 92 55 7 86 34 92 57 97 60 14 62 7 41 29 78
55 87 24 14 5 98 67 82 61 57 76 14 30 61 39 69 88 96 98 36 26 33 57 21 91 12 92 86 39 74 23 77 20 6 74 31 12 43 77 32 99 85 32 47 54 82 59 26 74 47 71 56 57 83 37 39 45 5 75 29 51 58 78 44 99 26 41 25 91 70 59 20 52 90 36 87 72 3 67 72 87 94 31 61 59 21 5 44 71 3 55 10 27 7 70
74 63 86 2 83 95 8 31 69 79 29 36 11 54 44 57 22 53 35 80 68 93 57 86 59 54 11 73 51 80 34 35 37 76 48 18 95 59 46 34 30 9 28 62 39 67 30 28 83 27 90 9 34 10 56 76 29 52 72 42 84 58 14 2 49 72 8 7 98 16 94 71 92 58 34 75 40 31 95 53 82 68 34 52 87 24 62 56 65 64 69 66 47 61 41
30 16 59 50 50 86 27 57 21 26 63 10 96 50 21 42 75 74 44 73 80 14 20 9 77 6 58 43 41 76 60 19 19 39 89 10 6 94 68 11 85 96 29 33 61 5 82 70 46 3 53 47 41 20 8 81 55 46 18 90 50 29 49 54 28 18 31 86 82 13 50 71 12 60 29 71 53 97 23 18 25 10 20 14 63 7 14 22 69 46 30 52 78 67 84
14 86 44 49 69 72 31 16 90 11 59 96 11 55 54 13 84 98 41 39 65 73 68 80 17 89 15 9 91 81 70 4 63 71 11 98 56 35 79 28 23 78 81 35 77 22 54 11 73 82 87 10 69 97 63 65 95 10 6 7 39 9 32 30 40 66 10 21 79 16 42 84 61 8 6 32 26 87 74 89 77 39 75 72 76 40 69 88 82 32 44 73 97 78 77
52 60 53 5 11 93 92 40 44 45 70 86 8 12 10 96 58 74 10 54 27 89 57 89 28 90 37 61 81 85 86 91 40 19 7 12 74 44 57 8 56 75 76 35 85 27 8 77 63 25 16 70 16 41 11 32 70 53 14 46 12 33 52 41 58 81 10 40 77 59 24 93 14 56 53 18 94 88 81 32 46 80 22 39 72 84 28 33 7 97 2 21 28 85 6
2 49 83 51 47 28 43 51 91 98 94 52 16 94 58 73 28 98 90 23 38 40 44 15 99 90 53 70 37 11 89 26 37 72 92 83 9 15 29 10 50 52 38 28 12 16 54 82 95 94 11 67 16 88 38 21 67 28 15 96 98 68 21 31 3 72 97 96 55 24 86 62 26 98 18 83 67 84 48 10 47 28 93 86 84 45 97 54 5 45 78 36 7 84 48
30 10 93 54 16 20 10 26 72 23 3 68 9 79 63 97 11 72 47 47 61 68 44 81 81 82 25 94 57 20 36 63 11 13 60 7 51 28 26 27 22 15 30 67 59 52 65 74 93 20 87 81 5 46 5 2 89 98 33 3 23 51 90 26 18 52 10 69 70 80 91 90 36 66 76 62 19 57 50 60 93 47 50 22 14 89 57 69 66 28 59 29 60 64 69
64 97 44 36 41 99 12 91 67 72 62 11 21 98 29 61 38 60 30 87 42 95 98 20 40 32 67 46 47 95 67 20 79 73 49 51 78 45 98 49 31 94 17 33 39 98 49 26 24 78 66 89 6 84 20 41 89 54 31 99 57 3 7 50 37 43 99 22 51 99 43 57 28 58 78 48 9 67 46 3 34 87 53 86 79 50 20 8 75 94 82 62 85 53 43
66 90 73 29 20 13 9 28 18 7 89 46 94 10 30 22 10 85 35 3 57 81 65 73 49 58 95 5 45 53 65 70 38 59 53 49 17 46 44 97 58 39 34 83 78 8 22 8 66 79 41 50 61 91 36 78 25 93 5 10 9 22 50 46 52 22 34 78 17 18 33 48 47 64 50 61 45 22 30 56 38 43 5 52 34 28 53 4 73 27 86 92 99 55 68
19 24 63 80 28 98 58 61 76 26 91 3 61 52 15 97 82 5 4 71 26 41 70 40 16 26 17 20 96 14 4 35 37 7 21 55 42 67 77 41 70 34 67 9 56 11 34 10 94 32 74 35 55 93 16 87 45 8 96 79 84 84 64 51 43 30 41 60 26 4 60 47 70 73 87 29 48 98 87 45 4 70 75 4 82 24 67 76 35 14 29 67 72 78 45
61 68 45 94 23 94 8 76 19 36 76 25 97 62 50 97 33 36 78 22 73 48 38 35 83 3 85 54 61 18 4 20 19 39 49 58 84 4 46 78 75 14 84 61 63 37 68 54 15 51 44 99 17 41 51 41 97 11 80 42 12 2 84 45 99 5 93 73 3 2 11 23 97 15 9 23 16 7 70 6 55 10 39 74 29 47 27 24 30 45 25 30 74 46 6
88 24 63 25 6 70 18 12 71 40 48 58 38 82 32 52 22 95 4 30 8 20 53 98 8 93 38 23 37 37 80 83 40 90 20 61 52 50 15 33 20 54 52 65 30 58 59 94 7 16 61 4 39 22 3 93 32 70 32 27 44 5 85 14 35 83 66 67 10 11 57 45 5 47 16 94 99 53 50 24 63 9 63 31 91 13 91 33 2 29 11 97 36 6 33
72 82 52 90 57 19 78 71 18 81 85 86 21 34 46 47 59 57 29 54 86 7 63 90 6 20 67 49 17 28 19 49 80 46 17 5 46 29 13 8 59 86 3 34 14 75 44 95 8 19 99 32 21 99 46 10 90 73 86 97 36 14 41 20 60 72 41 98 66 74 26 71 97 53 67 30 49 13 26 16 98 18 72 72 21 22 2 84 94 84 58 70 78 36 16
9 6 92 45 62 98 94 22 23 58 94 46 39 34 99 33 77 11 32 23 69 96 91 9 33 91 68 26 75 86 69 77 31 84 89 41 62 89 85 57 33 42 27 53 21 67 24 37 29 62 86 17 76 36 35 21 91 90 28 74 71 66 34 49 19 21 97 39 18 86 76 20 95 39 75 52 70 45 73 17 92 95 68 41 42 5 64 65 96 64 4 77 21 33 15
30 49 47 37 62 19 40 50 71 86 7 47 62 98 64 96 72 89 74 29 83 9 26 32 59 93 6 54 33 90 57 44 20 13 62 10 63 58 39 60 52 90 61 85 11 46 34 72 34 40 77 15 67 7 79 20 60 18 54 64 75 47 78 41 34 44 96 34 77 14 5 70 53 36 96 30 86 35 80 78 95 79 63 6 53 31 67 19 81 55 67 54 79 14 35
87 29 66 5 66 77 80 16 12 43 19 69 49 42 49 30 73 11 39 19 4 9 71 10 50 40 26 19 38 49 65 65 2 60 15 47 62 11 72 70 76 59 70 13 25 46 66 32 5 91 3 2 8 70 68 67 49 3 97 33 68 89 18 28 35 99 80 87 16 87 33 72 23 62 88 76 28 7 22 58 39 51 10 72 94 78 89 23 13 54 41 50 63 7 18
65 73 2 35 36 51 21 36 96 3 42 52 14 29 45 47 54 97 67 82 83 36 70 61 20 27 61 24 53 95 99 7 73 65 8 57 92 29 13 2 83 93 19 71 32 85 94 43 29 98 10 36 19 85 41 85 27 82 77 52 98 18 33 68 68 91 99 76 23 94 70 66 53 92 23 58 89 65 27 18 12 2 62 79 62 38 86 9 2 84 51 41 16 96 49
60 71 41 97 83 53 33 10 9 89 3 70 83 5 25 2 27 14 40 71 9 2 63 69 53 13 4 17 3 8 35 4 4 5 23 92 35 96 9 88 25 26 60 90 13 77 83 51 11 56 4 18 56 63 99 43 71 65 97 3 6 97 63 71 90 58 68 34 60 50 85 23 20 75 38 19 62 78 31 47 94 96 67 48 98 34 66 34 94 12 34 38 96 19 44
41 60 59 97 32 60 94 9 66 3 98 16 19 84 80 38 5 83 38 26 96 80 45 2 18 91 61 65 82 54 54 49 46 81 19 35 3 71 64 95 73 88 75 95 64 68 95 17 57 75 42 72 24 19 80 30 48 51 92 84 80 34 30 52 4 93 6 65 94 98 34 24 25 16 76 62 29 60 9 82 18 8 50 21 67 87 76 12 19 47 4 35 62 42 24
42 75 11 63 51 91 44 89 64 99 36 79 2 99 51 87 70 92 11 62 77 30 65 84 74 43 68 11 6 19 81 26 70 53 46 91 26 21 51 25 89 58 65 90 50 75 8 5 39 86 52 61 67 80 50 66 50 47 93 29 76 57 47 33 33 23 30 2 82 46 29 73 45 32 61 55 80 61 16 22 43 48 18 74 99 78 61 33 88 14 93 85 80 55 2
64 83 92 62 94 51 32 53 71 43 19 31 10 74 12 34 80 43 70 4 51 4 34 95 35 34 33 34 85 67 98 20 44 95 85 24 14 83 84 61 50 60 80 96 42 31 61 60 15 3 74 4 6 76 50 12 72 30 52 38 62 67 69 37 64 70 78 6 16 33 98 32 46 91 16 42 96 73 19 55 42 60 66 19 45 81 52 31 58 52 45 23 41 51 12
19 27 68 60 18 31 72 91 55 2 57 54 94 8 85 12 85 15 25 13 75 66 43 48 31 12 76 16 62 99 69 20 18 64 58 99 7 36 87 15 74 33 8 96 45 54 47 62 14 2 45 2 74 28 82 54 85 82 26 30 76 51 36 55 91 21 26 22 79 32 5 77 58 16 78 79 34 80 29 86 50 56 8 80 15 4 83 96 25 6 10 49 20 41 31
6 45 50 72 11 66 8 76 88 98 51 44 38 11 82 82 56 48 10 68 12 26 29 18 5 2 10 89 90 91 72 61 32 49 3 71 87 45 80 10 45 67 29 41 16 20 69 15 64 46 41 16 85 56 8 62 70 41 20 95 68 8 55 35 62 61 4 7 59 90 55 82 65 72 32 37 80 50 59 92 13 77 96 61 67 14 65 99 68 25 72 81 74 87 83
40 4 33 52 97 42 60 89 62 96 82 37 16 79 3 90 16 62 40 3 23 67 96 59 35 92 93 19 28 72 73 59 25 8 48 11 2 69 41 25 79 89 57 68 19 32 42 7 23 22 55 69 22 36 18 60 27 84 49 29 20 3 52 73 81 36 49 63 48 37 46 27 50 34 86 35 86 84 3 71 48 26 98 9 67 67 76 13 8 60 36 73 88 26 58
7 3 37 73 42 25 7 65 35 77 62 15 96 48 91 65 92 6 22 86 51 92 93 97 98 29 15 8 47 70 72 51 63 17 75 75 76 4 19 30 74 49 61 40 10 56 91 10 88 60 93 47 39 76 77 83 19 23 48 63 39 81 30 8 73 12 62 9 85 12 16 91 54 84 23 83 14 6 66 72 67 29 16 53 58 22 75 99 20 11 75 23 76 70 25
6 50 60 17 54 74 73 4 58 79 46 31 40 55 6 66 69 25 69 62 19 96 59 23 85 84 28 89 16 80 58 13 12 86 78 34 12 91 82 23 88 57 45 87 15 89 27 27 89 90 23 99 44 84 49 6 56 48 95 21 98 23 26 14 34 11 27 39 18 88 64 18 85 68 94 11 17 49 79 94 87 91 23 53 95 79 5 63 21 41 15 36 72 63 18
40 61 93 26 68 78 92 15 27 63 93 32 7 29 7 49 32 6 10 81 27 30 59 59 49 99 29 9 95 26 13 87 62 46 52 81 61 40 25 90 10 21 40 50 46 39 61 47 66 16 8 41 12 23 10 14 79 73 12 23 61 21 63 7 13 49 15 30 37 26 46 45 84 89 94 36 60 36 47 90 84 29 46 95 78 24 64 73 82 67 84 35 71 84 65
72 14 66 90 80 38 86 99 48 93 83 96 75 86 44 27 40 14 82 54 70 31 41 16 61 4 16 8 95 48 73 98 47 19 32 97 19 38 17 44 92 82 51 25 2 51 45 62 74 82 23 28 32 67 24 98 5 27 21 94 64 32 54 24 40 98 12 75 13 92 20 16 78 53 41 84 88 93 3 58 75 74 61 13 47 47 47 9 39 44 6 14 43 39 21
79 60 43 32 74 13 88 70 45 51 57 38 34 87 30 83 56 70 96 88 93 78 32 91 65 70 91 37 28 23 11 13 29 63 90 91 78 30 66 52 14 52 20 11 37 8 97 83 51 99 14 76 82 45 15 21 84 97 99 13 97 88 28 3 40 6 23 32 6 6 85 86 80 32 27 51 91 88 93 95 51 88 38 59 2 52 63 18 96 41 81 19 28 14 69
56 69 8 28 5 73 88 44 4 28 12 8 81 94 98 75 50 78 46 24 74 44 82 98 68 28 12 73 77 40 54 59 65 84 24 79 49 55 67 64 50 39 37 23 32 78 4 2 54 31 3 24 56 70 28 24 67 15 50 82 35 99 58 79 70 5 96 37 55 72 77 86 49 88 35 13 43 97 61 92 73 25 62 74 73 86 44 70 26 51 41 28 40 79 52
99 56 70 99 90 51 83 62 5 42 85 76 13 26 82 8 93 43 96 43 76 3 63 15 14 97 89 33 99 9 98 93 11 62 5 48 2 55 78 73 72 99 12 75 56 34 17 3 14 17 43 5 72 5 96 59 35 8 90 85 5 87 70 77 78 19 70 83 38 85 14 3 19 55 44 14 4 77 33 52 14 47 77 3 79 5 94 85 39 26 14 96 90 12 45
91 11 28 29 76 21 46 16 42 83 41 67 68 25 30 93 76 8 11 38 80 10 31 68 95 56 28 91 61 5 37 19 21 78 92 11 26 99 52 65 86 5 96 93 34 25 38 31 28 77 25 7 59 5 67 47 93 93 22 47 21 57 49 87 61 31 14 26 78 29 25 55 53 73 67 42 46 8 61 90 46 34 24 57 32 4 40 75 59 46 71 21 38 24 43
33 80 96 81 49 15 77 83 13 82 40 77 91 88 81 22 4 93 45 57 70 68 31 46 38 45 22 82 23 94 8 87 22 94 16 23 66 10 94 49 82 57 78 54 12 42 98 19 19 44 18 92 96 28 6 14 79 13 99 94 24 5 55 92 82 72 72 9 97 55 66 8 85 8 47 74 39 52 41 35 76 84 69 6 16 85 59 72 88 34 34 6 61 85 60
94 55 62 91 12 79 33 70 95 25 4 29 3 33 75 32 75 85 84 98 88 39 92 15 89 66 5 68 19 81 30 64 44 24 72 64 56 93 43 34 70 25 99 39 14 45 25 61 38 97 60 82 77 7 40 73 70 85 36 22 84 37 16 18 8 80 7 30 2 72 18 34 23 17 8 68 40 2 7 5 30 17 53 25 76 18 14 59 61 93 52 72 54 27 31
23 85 79 37 85 26 29 45 99 17 88 6 79 5 38 26 85 92 8 85 79 36 81 95 76 40 73 15 78 72 99 7 66 75 23 53 31 62 99 85 58 85 57 25 14 83 18 34 25 40 64 49 45 39 13 48 52 6 36 10 94 78 82 73 21 94 55 18 18 43 67 61 24 32 25 77 55 93 41 7 84 75 59 24 59 86 25 55 69 33 9 57 82 70 68
34 44 84 50 87 5 17 76 29 99 55 91 2 37 90 66 92 8 21 32 84 3 50 83 9 93 40 45 40 14 67 41 76 93 47 14 71 15 66 19 54 64 75 97 53 60 42 62 40 39 68 28 43 88 66 45 26 43 80 34 22 59 53 42 71 15 64 21 4 84 77 30 14 33 35 36 26 79 49 93 18 65 33 10 43 58 15 6 29 70 26 93 68 38 59
84 63 21 44 11 6 11 16 44 82 6 41 51 4 66 78 69 93 74 63 87 75 10 79 99 97 27 71 28 60 57 77 75 15 92 99 49 74 87 39 57 17 12 69 68 81 55 90 44 37 75 46 55 82 95 68 14 27 93 51 96 85 51 10 64 68 89 63 32 74 44 86 75 88 32 56 2 31 18 34 24 75 73 21 34 29 80 15 42 57 59 10 53 33 26
56 64 53 37 9 51 79 38 63 25 86 8 88 4 63 14 50 5 74 16 72 5 20 20 61 37 85 73 67 72 65 37 38 63 26 48 35 58 37 28 97 65 11 83 37 2 83 57 57 92 54 81 80 43 82 17 90 98 97 78 70 97 6 64 42 51 24 19 53 55 86 62 60 84 15 85 6 77 11 42 69 70 63 95 46 93 62 54 76 8 55 28 25 83 4
28 71 23 54 7 73 35 50 85 80 64 73 86 51 79 10 60 39 82 80 76 95 73 44 48 63 3 32 58 93 34 39 37 59 49 61 19 82 23 10 57 68 42 31 49 24 49 59 89 88 44 75 44 14 98 98 75 45 41 27 63 9 72 49 70 84 67 77 55 24 38 45 70 39 41 46 27 67 61 44 68 56 22 9 74 83 22 66 70 21 70 84 14 69 20
77 19 74 89 80 23 27 35 51 63 21 92 93 5 2 52 8 46 9 64 3 70 58 25 46 82 5 84 86 13 37 10 64 4 98 14 41 57 19 45 23 50 66 80 57 56 40 17 28 17 25 72 39 86 88 73 69 72 45 51 29 88 29 73 13 24 72 67 6 72 52 35 98 70 77 70 67 5 81 21 17 4 81 25 50 80 8 50 22 38 50 29 94 26 57
65 57 41 72 40 7 22 38 89 4 24 34 65 80 97 32 84 45 10 4 70 66 73 78 29 48 85 62 83 81 64 68 24 54 63 28 15 96 63 79 50 9 91 91 97 65 95 32 69 75 86 44 59 29 96 59 12 57 44 93 73 30 71 90 44 98 4 51 54 95 31 27 45 73 27 5 63 97 28 12 4 21 52 29 2 77 99 76 48 71 59 32 21 50 52
27 77 88 24 76 64 50 63 31 25 67 66 12 97 88 82 73 45 47 22 93 20 59 47 48 48 75 87 81 77 33 98 51 22 5 27 30 33 80 34 96 85 43 92 57 8 23 56 24 7 47 26 6 89 8 69 37 99 36 11 79 65 28 27 8 92 61 96 71 46 75 73 66 14 16 18 65 39 4 2 67 3 58 78 41 48 53 12 11 7 53 91 6 88 37
65 96 63 85 50 60 63 95 37 3 20 3 52 3 6 33 75 76 4 62 76 76 6 91 68 12 65 91 47 16 45 98 70 36 97 27 89 23 39 27 52 59 65 63 97 33 21 11 47 3 43 42 19 71 68 58 56 96 87 48 99 3 98 97 75 10 48 20 56 43 34 2 12 51 59 44 57 36 76 33 61 76 87 58 57 94 81 40 94 39 88 9 63 67 60
56 43 50 65 99 95 62 33 41 33 38 57 78 10 82 24 95 31 17 62 98 44 79 46 97 83 29 23 91 54 20 63 10 92 75 77 5 9 47 61 76 21 5 32 10 30 40 61 66 74 51 75 93 88 40 87 86 43 33 95 91 99 19 76 31 23 91 77 9 48 99 68 62 46 61 53 90 45 92 44 3 60 80 29 29 74 28 84 3 40 80 51 99 76 94
25 81 91 79 50 72 57 2 37 94 52 82 14 70 10 8 70 30 88 14 20 42 36 83 4 56 41 95 66 16 67 67 59 8 63 69 58 93 70 13 78 88 97 14 68 56 27 38 56 24 46 25 46 80 98 30 60 14 15 71 93 43 2 79 52 53 39 25 40 47 81 87 28 18 65 87 45 36 25 83 71 12 86 40 26 84 7 27 9 65 25 71 2 39 13
62 56 35 10 67 5 71 78 84 86 5 36 19 33 21 68 66 42 58 76 97 52 99 74 53 15 2 89 35 66 26 30 92 78 30 87 62 8 13 35 6 86 63 27 14 23 91 26 13 45 89 54 54 79 32 80 73 92 54 17 14 20 53 22 94 87 74 75 19 69 51 72 81 9 60 42 84 46 7 66 6 54 96 6 30 7 57 7 66 12 60 63 89 92 53
73 84 28 29 4 70 71 29 20 28 29 60 10 51 69 88 42 7 9 86 72 47 88 26 99 19 66 17 97 46 79 98 78 3 74 90 30 54 91 69 19 75 94 56 39 30 59 27 36 2 97 38 95 70 43 12 95 90 5 75 99 9 92 46 73 36 34 49 84 2 33 42 31 29 41 44 54 77 7 26 62 81 4 23 63 25 27 60 88 24 81 10 46 70 97
46 88 85 78 98 86 71 24 72 21 54 75 90 67 65 73 43 92 2 41 73 36 3 49 48 23 75 68 87 69 85 2 24 60 95 27 83 67 81 16 5 15 85 67 82 69 46 65 13 62 78 25 78 73 3 17 18 68 93 38 63 60 9 2 75 5 90 32 62 26 32 2 48 72 32 32 61 62 79 40 6 16 92 93 39 61 26 23 75 2 64 75 75 13 82
10 47 17 91 68 25 58 25 73 36 39 70 5 74 51 65 6 59 91 78 39 29 24 55 63 45 79 38 52 64 86 10 81 64 44 88 55 2 57 55 48 58 39 81 52 14 64 63 96 62 47 62 23 48 6 8 78 25 52 61 6 52 17 77 89 96 82 40 32 4 20 93 6 90 45 38 80 28 14 71 6 99 63 57 26 86 87 59 29 68 22 23 42 43 89
9 57 96 63 65 11 93 64 2 66 82 21 59 40 34 71 89 21 78 23 63 6 86 99 67 84 67 77 6 30 40 98 51 88 36 51 45 32 31 41 63 60 42 64 53 28 23 25 99 42 67 14 65 46 42 93 87 43 34 33 17 55 20 40 89 41 25 17 13 50 53 16 24 46 67 90 76 52 36 16 34 10 28 15 54 3 26 45 26 79 12 27 13 73 76
4 26 78 74 9 7 73 95 40 8 52 34 27 69 83 59 68 73 70 98 17 99 67 2 3 44 10 89 65 70 91 95 44 29 8 62 64 44 57 21 85 88 26 22 88 68 23 23 50 26 96 49 83 39 31 24 5 76 88 22 18 84 41 11 48 3 78 63 50 63 56 42 60 11 79 32 34 43 55 43 28 73 18 49 3 60 17 67 85 21 69 76 97 5 41
30 73 39 68 90 21 64 9 9 2 88 81 9 38 99 25 50 10 65 34 55 68 17 81 66 13 26 64 4 23 76 78 27 70 23 75 19 70 44 76 61 20 84 90 67 43 18 58 69 3 83 60 58 69 84 10 51 47 35 67 4 78 53 12 94 16 78 58 32 39 2 40 93 66 9 37 71 6 98 88 25 69 58 85 55 50 22 88 59 16 45 42 59 79 98
59 60 10 31 37 98 16 92 82 56 77 74 23 29 24 54 88 4 65 8 53 14 87 36 17 96 60 10 50 63 33 42 44 33 35 4 57 54 52 79 53 65 88 79 67 80 39 85 71 31 5 80 21 4 12 78 25 95 92 47 58 62 38 13 38 11 4 49 21 15 11 31 21 36 89 75 24 57 51 12 83 14 55 13 73 43 77 33 49 53 5 75 36 81 36
3 5 59 27 6 65 82 89 15 74 7 14 31 70 87 59 53 69 97 79 70 76 98 73 35 42 50 27 59 38 75 44 56 82 75 6 79 65 18 59 9 15 64 92 26 77 23 84 22 5 79 49 64 3 65 48 78 20 30 65 87 5 70 53 48 12 3 19 63 92 15 32 82 52 81 28 62 56 23 96 77 74 41 84 76 12 30 16 98 88 86 29 91 27 43
47 74 85 21 80 12 81 35 7 66 17 18 9 87 64 37 39 77 53 18 83 55 57 75 40 15 62 46 34 16 24 31 51 11 59 11 65 68 74 85 37 55 36 73 97 11 14 83 5 54 7 92 51 34 3 82 98 40 93 29 13 19 35 9 78 85 13 38 15 47 47 47 98 3 32 35 90 85 83 29 69 81 67 48 16 93 76 79 17 54 61 31 91 78 19
51 42 82 9 4 71 18 48 95 14 33 8 39 39 86 43 84 65 22 47 19 44 35 92 70 88 71 71 65 45 32 52 21 96 15 5 69 65 51 81 86 12 25 73 14 81 28 35 76 42 15 74 94 39 9 35 81 70 40 76 17 33 81 60 91 65 97 48 94 22 57 88 84 60 9 10 42 64 85 93 48 97 85 60 95 95 54 34 90 20 76 50 16 11 68
79 22 81 88 6 6 6 70 89 14 37 94 8 48 92 32 31 32 55 76 52 6 85 48 6 28 52 84 25 91 74 44 5 62 10 12 21 83 24 33 95 77 9 55 8 12 21 35 91 9 76 4 90 40 84 91 91 86 45 10 24 31 34 32 63 7 69 62 79 12 30 82 6 69 91 70 74 80 87 11 46 2 49 92 23 31 50 59 85 84 12 7 61 80 13
39 61 99 43 54 48 21 89 41 55 2 64 50 30 12 6 46 77 58 34 12 73 39 31 73 90 24 13 80 22 26 99 74 88 29 12 80 23 60 60 80 93 35 21 18 47 94 3 32 98 23 93 49 59 95 83 4 91 96 95 3 73 10 27 26 31 99 15 25 56 15 45 46 82 8 58 25 81 66 29 74 16 92 4 59 34 80 83 58 78 56 10 87 4 36
30 5 99 13 99 67 80 31 92 15 61 44 6 51 85 74 44 63 28 23 76 42 11 85 16 39 73 8 16 91 53 92 53 20 91 9 36 38 79 22 54 61 9 79 97 85 56 98 32 30 23 54 74 98 79 66 78 43 7 21 13 28 39 41 92 2 63 21 49 84 93 42 80 44 49 20 58 27 71 67 64 96 48 5 33 55 20 3 79 10 29 12 52 88 57
6 98 14 7 20 82 18 29 10 87 26 6 3 31 9 34 88 43 79 19 67 68 58 94 57 14 7 64 33 68 91 14 48 46 66 80 34 58 49 40 81 84 29 37 56 23 97 24 49 74 2 32 66 70 33 13 17 14 69 73 5 90 71 13 87 32 53 13 34 45 23 98 99 44 25 19 36 2 54 54 58 97 36 25 9 39 63 11 74 13 98 30 99 6 55
82 63 72 72 57 32 25 87 80 93 61 98 39 3 55 88 75 16 84 85 3 41 35 62 81 2 53 83 7 50 7 36 24 58 41 11 59 15 55 41 43 52 86 70 66 50 46 13 68 24 25 97 59 93 34 87 29 99 86 9 56 16 63 25 62 2 39 76 25 65 60 18 79 69 44 61 24 7 52 2 60 27 88 70 69 80 14 26 43 58 46 53 3 30 61
23 67 15 66 99 40 37 12 9 47 94 4 54 25 5 26 60 28 54 25 20 10 28 36 15 4 62 71 61 77 97 98 25 52 69 38 67 58 56 10 59 99 48 6 11 62 49 88 43 54 18 51 20 43 55 82 52 82 75 26 57 45 65 30 14 35 70 24 41 71 98 98 6 57 45 56 79 14 10 70 27 98 35 56 97 17 89 61 70 71 33 79 47 67 44
91 61 35 48 48 87 40 2 58 32 7 67 31 19 11 84 97 18 29 93 90 77 56 76 71 86 94 66 95 62 36 50 86 71 61 41 38 5 12 74 63 14 58 36 43 50 74 36 65 93 6 9 18 59 32 55 16 41 64 92 18 13 51 83 2 34 21 32 87 13 73 63 2 51 48 78 51 64 30 79 23 79 21 48 14 36 60 28 76 41 21 31 87 48 72
43 60 50 23 56 12 90 55 38 81 83 2 87 34 93 48 39 37 63 61 4 66 27 65 71 21 45 10 11 26 5 7 60 48 66 13 10 84 16 25 97 21 97 88 34 78 53 30 55 27 51 57 74 53 88 5 78 34 43 79 7 54 46 67 33 26 36 63 97 79 18 63 20 83 27 3 75 14 45 45 15 24 95 21 80 65 21 8 57 28 71 62 56 93 63
48 52 45 56 26 91 87 62 99 94 22 32 89 92 67 93 36 97 54 12 90 90 54 89 81 13 64 66 36 57 11 43 6 47 56 53 4 30 66 73 71 47 29 23 99 40 51 84 92 54 79 5 32 16 52 73 76 25 7 40 89 85 99 23 9 93 46 90 53 29 9 9 55 74 18 63 43 6 88 83 30 3 43 4 42 25 27 52 22 90 20 79 71 57 88
6 14 91 75 5 86 85 6 34 90 77 18 62 48 73 22 63 68 2 9 21 50 47 60 69 53 50 50 40 47 83 65 89 48 57 18 67 76 89 16 91 11 69 74 8 74 37 25 7 46 2 90 25 89 4 8 36 33 22 51 54 36 88 82 82 5 9 17 62 39 30 73 76 64 7 97 40 58 71 17 12 42 48 23 77 40 53 66 2 85 33 4 52 4 7
30 15 35 81 19 51 46 38 98 95 98 60 70 37 45 37 65 87 99 20 49 62 86 11 24 73 6 40 58 80 58 74 41 53 13 5 8 26 46 97 78 60 80 37 69 21 92 34 87 56 15 76 70 87 18 53 20 92 85 51 31 9 3 66 2 83 62 36 37 42 12 93 98 71 71 20 6 48 67 22 41 57 2 10 40 95 25 52 36 21 5 95 47 94 7
58 42 51 22 38 60 13 80 71 47 57 28 18 15 62 47 42 51 51 23 50 85 62 11 22 32 38 16 34 55 29 75 69 39 90 95 37 64 9 64 66 35 50 13 11 13 82 6 16 64 87 28 86 19 48 25 81 40 16 55 17 11 7 78 31 48 47 50 60 63 75 61 53 49 65 62 33 47 27 53 91 26 69 60 54 89 64 44 58 90 68 81 81 56 58
59 60 78 78 79 65 56 98 88 37 44 19 53 44 49 61 39 76 6 88 59 28 45 89 49 2 50 66 68 6 55 43 45 5 43 25 76 32 51 32 84 55 31 19 40 49 41 37 11 80 51 55 67 78 79 90 75 96 44 66 77 5 24 35 37 94 88 91 66 57 60 81 21 79 3 26 40 28 52 97 58 22 27 89 91 44 43 33 9 39 87 71 43 62 20
23 30 65 71 12 29 14 56 46 98 62 8 50 17 10 28 49 43 86 47 22 25 54 96 93 59 66 94 34 57 31 23 10 43 87 58 58 75 40 57 44 96 55 78 14 88 16 78 31 7 45 60 9 39 79 28 42 99 73 31 57 77 71 80 85 92 59 73 16 11 6 91 12 10 31 14 18 86 76 29 15 96 42 2 12 10 30 53 19 50 79 66 37 56 40
2 62 27 41 65 91 45 59 46 47 48 54 87 71 56 73 31 55 47 65 3 35 26 58 10 67 94 45 96 53 12 42 47 47 51 90 28 53 77 41 64 61 94 52 61 79 70 86 98 28 70 93 25 13 12 44 84 31 76 34 48 10 56 80 28 14 5 58 75 79 19 57 11 89 76 84 37 77 43 58 49 19 66 58 45 28 60 50 57 18 20 44 43 95 92
85 25 26 42 3 47 14 14 77 63 36 73 18 82 61 92 18 86 7 13 85 6 42 35 50 87 71 85 70 78 38 6 43 29 29 72 49 58 22 28 88 79 22 60 91 9 49 93 90 57 20 58 20 73 13 50 90 40 97 43 28 25 92 89 19 85 3 15 32 48 60 54 53 2 56 95 91 78 48 47 39 66 28 25 93 29 62 53 7 70 24 25 69 57 26
28 14 31 40 57 29 38 46 22 9 36 77 34 18 91 3 68 13 59 74 19 2 75 22 38 93 7 89 40 59 76 41 19 48 27 30 79 18 6 55 50 15 63 37 93 97 26 28 40 95 16 71 97 52 95 70 80 99 84 52 12 75 63 77 10 51 10 61 29 8 56 61 17 60 12 36 13 30 39 85 96 28 92 50 25 41 19 80 96 34 82 48 75 94 7
89 5 37 25 14 16 39 35 28 78 32 33 61 38 34 53 42 51 91 48 50 33 24 25 24 99 64 45 61 41 49 73 92 66 52 9 82 93 53 36 11 6 22 39 95 95 82 77 85 67 96 72 24 89 7 62 65 26 61 74 39 73 90 46 75 33 90 38 55 57 96 23 86 89 5 28 5 70 83 49 34 23 96 16 61 93 72 16 19 73 98 36 46 4 24
91 85 56 67 21 24 43 32 70 6 20 43 38 20 77 40 86 83 61 35 79 45 49 20 18 87 12 34 44 81 18 5 30 33 80 80 51 7 66 7 91 38 21 77 19 14 73 26 8 43 58 4 69 87 44 72 22 47 14 3 73 16 78 13 33 73 87 97 98 76 66 65 40 32 69 82 7 78 44 11 65 58 32 96 79 9 76 33 34 31 54 7 96 35 18
20 32 64 7 10 23 23 68 52 43 90 42 46 71 80 36 73 9 76 70 45 77 32 26 18 84 97 87 45 42 52 72 39 78 11 11 92 14 6 22 27 21 26 86 32 45 66 41 94 97 13 2 95 43 3 69 83 48 40 57 70 59 71 63 54 71 7 97 57 75 18 73 2 19 95 79 77 29 47 82 81 82 35 99 85 29 33 48 9 35 32 16 62 64 20
8 96 64 38 35 62 8 8 59 84 38 7 55 56 90 48 73 50 32 33 60 61 35 64 87 45 83 5 61 4 69 5 96 30 82 71 58 97 57 60 6 77 70 52 41 84 92 41 71 3 59 96 78 22 10 52 73 95 38 14 35 72 23 54 65 3 84 87 67 56 61 55 39 52 35 87 10 49 22 29 39 58 54 97 35 68 3 83 75 90 40 79 79 41 25
88 75 63 75 24 87 21 89 7 23 64 81 31 12 95 14 25 81 22 88 99 58 28 90 73 71 7 28 76 86 35 82 78 97 72 22 53 45 56 86 97 27 85 54 11 15 68 64 32 8 19 88 25 61 23 68 73 67 23 35 97 88 84 38 95 54 76 4 38 50 62 17 67 4 9 22 50 80 48 79 91 84 83 78 48 8 11 94 36 75 21 66 54 39 81
45 86 76 71 78 16 39 77 17 60 77 12 34 83 18 55 32 83 74 90 84 54 59 37 95 37 68 15 43 43 29 50 21 28 26 74 80 18 38 98 34 27 25 17 29 28 65 55 60 39 5 27 23 37 84 85 19 53 51 95 22 28 22 57 24 57 86 74 19 40 68 77 75 13 13 41 5 59 71 26 80 79 17 45 67 81 44 59 90 68 53 20 19 93 18
7 58 65 63 93 51 99 49 36 61 67 28 50 43 93 94 99 51 25 77 81 17 53 78 11 5 94 58 57 3 57 54 14 34 65 99 75 58 11 89 39 20 83 65 16 35 78 78 39 43 32 33 48 41 97 2 5 77 91 24 71 85 63 24 92 28 29 6 69 11 82 13 63 51 70 74 83 36 5 71 28 85 47 27 92 5 16 90 60 77 47 59 53 85 71
58 37 12 15 13 51 35 82 10 59 40 73 79 97 10 58 56 80 99 79 64 67 72 10 27 28 15 50 74 17 14 55 85 73 96 41 61 68 80 23 31 7 82 28 62 3 77 79 64 10 53 85 70 60 61 86 12 53 79 71 93 16 95 24 22 3 56 32 63 30 46 20 54 58 66 43 54 41 47 91 31 18 13 57 75 95 84 45 66 36 68 14 40 70 70
21 36 55 80 40 19 3 72 91 4 82 9 13 12 89 49 35 38 73 35 48 7 25 60 48 94 9 50 70 60 71 54 28 74 7 70 17 26 30 65 5 8 74 25 92 93 96 67 17 44 12 41 79 16 42 4 47 49 68 67 51 99 48 67 72 66 73 67 84 26 71 68 44 41 53 36 22 40 67 28 98 44 14 61 67 11 62 82 97 37 79 42 65 25 76
59 74 88 57 70 42 14 81 27 35 32 8 47 2 74 53 32 11 75 55 46 35 39 25 38 7 15 50 44 84 94 92 39 30 43 39 93 18 2 78 89 35 39 8 10 89 74 84 3 74 67 62 69 68 67 74 74 9 30 33 80 55 51 27 19 70 62 64 68 24 2 7 81 70 79 15 6 32 81 72 74 30 14 4 77 67 28 82 85 93 10 24 4 43 7
97 70 45 22 33 76 83 78 77 76 94 95 67 40 76 48 4 22 93 78 85 38 82 41 34 50 87 41 77 98 98 50 13 72 29 83 37 47 21 21 41 7 83 90 44 70 29 67 11 89 12 31 80 85 99 79 92 69 11 94 91 35 70 94 90 73 89 71 86 38 23 65 5 50 62 62 44 61 23 13 90 53 9 43 19 94 26 60 44 43 42 99 5 54 93
6 4 91 68 47 91 68 32 62 27 57 76 8 12 2 34 18 3 17 83 48 64 55 59 50 87 53 29 79 79 23 40 67 73 3 13 25 93 96 93 99 62 61 50 77 38 37 27 74 51 74 59 48 18 43 49 55 94 11 53 45 96 18 43 2 76 66 33 77 30 39 22 24 29 61 72 5 14 95 48 87 52 18 86 59 50 30 94 48 44 60 72 38 95 93
59 63 31 10 13 31 30 13 70 85 56 35 68 88 7 62 66 10 39 13 50 67 14 39 93 20 43 5 23 7 24 86 47 43 37 22 52 24 66 50 31 12 48 2 98 76 85 46 59 66 26 5 7 85 51 17 40 5 60 97 4 70 81 49 41 47 23 23 12 9 43 47 56 22 99 62 3 93 2 68 97 40 72 52 98 5 83 83 11 85 23 73 43 55 11
81 57 62 27 83 55 28 84 82 41 48 83 93 77 73 71 74 36 83 75 76 44 81 70 46 95 43 7 4 74 88 11 13 80 33 91 85 11 43 65 30 18 45 40 21 22 91 24 76 22 46 47 79 99 14 6 40 55 6 62 21 73 16 57 6 80 46 36 37 4 48 46 89 30 82 64 85 89 32 18 9 13 86 22 43 91 91 41 93 86 83 13 16 69 91
83 50 13 76 81 24 6 72 5 69 90 78 64 82 70 36 68 69 18 81 41 73 80 88 35 18 39 28 43 5 45 56 58 11 92 48 52 54 26 85 93 82 41 42 17 28 20 48 30 95 19 93 90 83 89 79 37 41 76 28 29 84 2 41 57 25 65 42 79 86 80 77 50 93 88 57 57 41 72 57 43 75 21 27 91 92 95 11 87 9 82 13 94 98 80
98 74 82 53 31 65 46 76 49 76 3 81 24 64 63 25 81 66 63 92 41 58 35 83 24 35 31 81 80 64 48 90 45 86 8 27 11 47 44 31 49 3 17 47 48 89 42 6 14 72 67 17 91 91 49 60 43 39 29 77 17 89 67 46 82 63 87 36 32 40 2 29 81 59 36 77 36 84 11 13 85 59 71 41 90 33 51 46 3 90 54 75 93 44 99
56 73 81 49 39 74 66 82 77 89 4 72 11 25 91 44 68 81 28 14 90 88 43 37 98 54 55 48 79 54 22 24 36 59 74 39 75 25 77 55 3 88 88 81 89 91 49 85 89 11 50 37 95 30 8 2 10 59 49 38 5 38 51 19 8 88 94 22 37 20 79 16 78 23 24 60 99 42 4 74 21 99 48 51 76 30 89 96 36 26 58 34 33 11 82
15
83 88 3 29 6 94 29 44 38 50 71 59 78 92 50
68 47 81 39 79 50 37 73 63 15 65 99 71 56 7
51 76 28 75 56 89 30 53 6 69 58 22 84 40 14
97 71 48 24 21 86 95 6 36 47 42 86 52 98 15
47 77 27 66 64 9 30 49 35 78 84 94 36 38 67
58 25 6 56 4 90 56 31 80 92 86 34 16 80 37
47 9 13 43 62 82 78 51 96 96 37 23 86 47 59
60 99 42 11 78 45 46 4 54 24 22 21 30 57 75
8 52 43 29 23 31 59 40 74 7 25 43 56 76 44
4 73 62 96 17 69 87 4 5 43 81 31 85 68 53
66 14 54 95 15 11 29 12 39 12 16 17 85 56 83
3 27 86 64 62 64 39 14 96 37 37 88 5 40 83
30 36 43 46 65 84 41 89 37 8 8 94 67 32 81
75 24 73 46 18 85 70 48 68 6 82 90 70 12 50
69 98 70 24 15 14 33 37 90 40 56 83 84 12 85
94
16 47 18 86 14 85 50 63 33 53 84 14 2 94 55 5 21 18 67 85 91 22 73 40 46 96 98 6 67 73 40 86 93 94 17 90 93 54 34 68 78 64 83 21 91 93 89 15 24 83 81 59 76 27 9 4 44 38 80 92 79 9 35 75 24 75 12 94 61 55 52 75 44 51 40 15 31 84 51 32 12 74 67 95 78 52 60 80 67 10 8 43 83 57
96 30 71 50 15 89 44 51 33 54 75 68 34 93 53 70 54 35 74 97 95 54 99 85 77 67 90 93 25 31 46 57 96 32 8 27 76 59 4 29 62 76 14 33 83 88 70 19 69 85 81 40 63 74 5 47 37 91 33 53 47 98 93 44 90 47 41 82 71 50 37 23 42 95 62 18 6 43 93 58 19 69 22 21 26 46 71 20 90 5 18 67 50 91
70 71 18 59 60 85 89 5 55 92 66 86 80 9 44 63 58 4 13 86 75 79 58 75 85 57 2 54 24 95 77 53 12 96 10 81 77 60 38 97 78 53 78 47 42 4 60 43 68 56 60 40 26 55 96 65 84 68 97 52 7 31 69 99 19 34 63 3 18 52 6 51 84 13 34 96 64 94 11 72 87 42 8 66 66 67 25 6 49 68 61 25 25 35
66 48 50 75 51 95 76 91 33 40 95 3 26 7 92 84 37 18 89 20 75 79 22 92 95 9 90 86 64 78 9 88 84 7 25 60 17 70 51 19 27 27 57 17 69 78 14 96 21 29 38 49 43 81 33 16 75 25 84 39 84 6 16 4 60 23 16 13 84 22 11 43 41 27 57 60 34 17 16 91 14 52 59 68 91 97 19 25 14 64 48 89 39 54
20 56 34 43 54 32 99 64 70 26 31 4 83 82 75 62 89 44 74 75 97 64 96 16 27 30 69 84 29 53 37 48 38 82 53 75 22 12 77 44 20 40 96 15 45 59 67 87 5 44 5 22 62 39 54 57 39 80 64 48 8 9 60 48 52 90 12 76 50 11 45 20 49 63 88 51 88 34 53 48 12 64 37 7 65 51 72 6 63 25 24 6 59 24
14 7 70 63 39 54 9 63 34 70 42 26 31 18 52 35 8 28 94 66 82 92 34 15 75 32 44 11 23 46 53 57 70 90 99 39 35 14 9 94 50 76 11 46 17 39 30 44 53 56 53 91 66 36 19 19 69 67 94 11 67 99 15 22 79 96 27 5 18 7 14 30 41 87 25 62 93 50 18 48 72 32 83 38 81 43 93 30 8 76 21 62 92 31
79 47 89 84 74 59 74 34 6 62 99 37 70 53 98 72 5 31 50 52 56 19 6 59 5 62 27 56 51 44 37 33 60 88 5 74 32 99 40 79 39 24 15 55 35 38 61 99 91 21 81 25 15 60 51 84 67 84 9 72 97 16 85 50 42 33 47 53 58 36 40 63 71 34 3 31 21 7 26 93 24 41 90 24 43 87 74 95 75 31 77 36 27 98
31 9 62 95 43 80 2 40 78 85 81 45 44 9 54 39 76 41 3 93 55 45 51 45 32 6 46 77 53 53 49 99 45 78 46 90 59 65 57 85 68 41 72 66 42 54 75 78 64 86 99 38 90 15 13 93 94 97 25 89 15 25 83 65 73 75 19 9 23 44 40 61 36 51 12 71 93 17 72 54 59 77 88 50 95 56 33 61 69 36 96 89 3 57
2 68 92 58 61 35 35 20 60 58 69 87 76 66 60 39 81 57 90 81 85 5 16 26 25 6 82 9 32 61 79 41 16 94 90 98 74 97 20 80 8 41 3 6 41 42 99 99 26 68 40 91 52 70 22 38 60 64 74 29 50 53 21 6 28 54 99 53 70 12 80 89 68 10 84 22 72 61 65 81 85 65 5 75 46 56 65 85 17 74 65 45 59 23
72 98 5 8 55 59 24 36 3 24 72 23 40 6 97 85 49 30 28 21 2 57 9 80 42 24 62 68 69 32 17 95 7 2 65 91 79 30 52 79 66 72 4 68 92 22 97 62 30 64 81 28 96 53 28 76 97 74 75 9 73 96 57 79 90 27 28 30 38 23 18 18 29 21 10 66 17 6 11 67 65 21 62 67 74 26 44 41 23 74 18 94 20 92
36 9 48 80 29 20 91 19 25 97 46 41 39 61 2 53 21 32 14 46 24 45 78 41 89 35 95 97 6 42 15 68 25 58 22 55 43 31 18 86 46 16 54 68 45 78 2 85 2 2 4 4 12 38 52 88 49 64 24 68 82 94 18 59 78 39 58 22 32 45 10 82 86 36 97 26 20 8 68 71 29 15 91 21 62 18 44 69 94 90 60 16 8 54
95 6 15 16 67 34 53 55 47 51 66 18 14 13 95 67 90 29 16 95 24 40 60 66 67 6 95 44 80 32 90 32 29 60 35 94 32 91 24 31 4 92 93 43 22 26 83 82 18 38 14 79 46 55 24 14 84 62 42 24 47 40 27 96 15 92 61 53 15 63 49 3 22 5 94 11 28 51 73 27 18 49 13 12 34 73 46 21 16 95 7 37 58 70
73 45 73 98 33 16 3 25 15 29 55 44 46 31 77 93 60 17 91 46 87 32 12 93 8 18 83 5 7 32 74 39 39 90 20 57 93 69 64 75 9 75 61 3 44 42 27 37 11 42 97 58 74 81 82 58 38 92 21 66 42 44 39 33 12 95 91 49 76 57 89 36 69 23 43 97 39 94 66 92 32 98 83 26 15 52 16 33 68 27 82 19 21 97
42 15 53 23 26 39 77 11 28 51 87 37 69 78 15 94 28 96 25 72 44 21 97 69 33 33 53 53 93 85 75 31 23 5 57 86 97 54 52 46 90 83 14 59 24 73 56 96 79 12 3 76 90 9 77 16 27 30 42 31 57 37 3 5 31 87 35 32 61 55 33 43 22 59 13 94 25 22 95 22 73 90 92 92 25 2 4 91 33 29 40 6 21 21
55 37 61 68 13 70 24 67 11 54 74 93 5 22 93 17 24 64 98 53 10 15 67 33 41 50 19 79 77 47 4 24 36 85 16 46 70 87 34 87 97 77 25 93 60 10 36 75 54 79 49 40 37 7 33 30 13 62 88 7 67 38 30 59 87 12 57 5 3 83 43 86 84 16 39 80 24 69 71 18 68 12 11 91 11 55 27 60 77 30 73 11 25 40
81 80 25 32 41 23 7 88 88 25 33 16 40 74 51 90 74 9 91 60 15 77 31 35 18 36 75 86 41 72 50 51 89 57 71 94 30 71 24 84 70 97 41 53 23 82 64 79 21 42 78 84 59 55 84 28 93 33 78 41 10 41 82 47 86 57 89 12 74 93 31 65 24 56 53 42 13 22 22 63 57 87 9 19 34 25 99 50 63 16 76 5 96 95
25 40 59 3 62 67 36 35 29 78 96 49 50 75 9 86 58 5 34 58 86 44 29 94 91 11 94 9 22 66 94 19 43 44 67 62 48 13 4 8 13 49 76 57 75 44 54 97 92 86 56 79 90 35 44 31 39 38 89 31 42 39 17 84 60 19 78 18 81 2 55 51 18 40 12 31 45 43 12 87 7 21 10 76 40 61 95 24 12 73 77 79 39 64
33 98 50 67 23 11 83 99 18 48 61 78 48 64 31 87 64 15 13 5 15 27 35 39 76 74 89 38 28 98 3 62 65 64 19 85 30 78 17 21 3 29 21 33 28 79 67 70 55 30 25 44 78 96 78 39 89 62 33 64 26 77 72 45 82 10 92 59 38 32 65 56 47 42 36 21 29 35 63 84 71 98 71 57 7 36 73 73 18 44 14 72 55 33
3 40 38 94 68 35 92 7 71 87 30 88 38 33 90 15 68 18 84 98 34 4 88 48 13 76 92 89 13 75 24 73 69 44 29 71 96 35 15 18 21 21 83 51 67 41 84 13 46 85 76 4 26 24 95 16 29 27 90 48 23 38 73 41 45 58 93 27 42 63 45 79 77 32 76 84 83 55 64 29 89 91 24 17 6 51 30 52 39 41 6 94 35 79
5 80 93 78 10 4 44 30 6 89 83 51 44 54 83 60 77 44 24 74 22 67 99 19 45 70 65 95 89 14 77 88 10 4 32 18 71 99 73 41 70 99 49 86 27 74 67 72 59 23 71 56 44 22 56 31 85 15 94 29 53 74 81 2 99 40 89 12 71 41 54 97 6 83 52 91 83 11 82 26 83 3 56 18 61 43 81 28 15 82 11 35 66 47
49 74 69 20 27 4 57 46 45 15 99 71 13 65 99 86 9 88 78 99 63 53 99 72 30 16 31 79 18 8 55 80 23 51 38 95 92 68 92 43 36 6 4 45 9 20 76 25 14 15 47 94 29 69 51 35 89 59 27 62 39 58 65 15 63 87 2 76 32 46 3 44 27 86 35 40 30 61 6 37 80 24 83 13 22 36 3 65 20 26 76 94 70 10
61 55 65 92 93 87 61 84 81 92 74 46 74 60 66 30 41 82 34 96 60 60 70 31 15 77 8 86 13 39 59 74 75 89 79 47 54 96 65 90 47 88 97 44 19 58 85 58 42 22 86 34 58 17 41 47 94 65 17 92 85 14 42 5 70 65 91 4 35 87 59 24 30 28 57 11 35 40 80 83 60 76 95 11 61 21 20 91 25 74 15 40 59 96
38 83 70 87 46 67 25 34 70 92 23 90 78 20 92 27 12 56 87 63 87 3 58 3 46 62 7 48 85 69 86 20 56 22 4 29 43 17 44 66 75 87 4 39 73 85 96 54 24 57 86 47 89 45 19 10 77 40 7 90 80 26 7 36 63 86 75 66 90 25 23 47 17 48 34 60 44 34 87 63 97 15 24 7 16 20 25 59 86 31 85 66 65 19
93 46 93 84 70 18 50 57 96 64 58 32 61 50 61 8 98 27 29 48 95 82 86 21 77 78 19 54 97 62 15 24 95 31 63 43 65 97 49 48 85 47 19 8 34 48 50 64 96 42 72 84 38 55 69 84 11 23 72 51 30 65 90 44 30 29 28 84 27 56 53 25 9 21 30 89 90 91 73 78 52 21 12 11 23 2 12 29 34 31 12 74 76 32
33 17 60 21 62 8 52 44 91 34 41 36 57 45 96 15 85 40 80 8 30 45 80 26 24 8 58 8 91 2 43 74 40 75 16 39 54 24 11 96 50 15 7 25 11 30 23 66 70 29 51 13 73 10 27 19 46 31 63 32 71 50 14 79 14 32 18 24 34 85 64 18 48 50 98 79 16 15 3 49 50 8 58 35 78 60 6 17 9 56 68 57 60 68
11 81 14 52 93 8 58 41 11 35 90 56 6 20 13 47 87 22 4 73 42 38 64 62 54 43 20 48 18 85 15 66 14 77 91 89 82 66 67 99 69 79 4 69 91 43 68 44 35 20 61 24 27 82 44 49 42 19 61 80 96 81 2 24 33 36 85 7 26 25 34 33 25 56 27 96 13 65 44 73 59 76 65 31 82 56 36 83 69 86 30 99 93 68
67 87 27 78 84 25 99 78 7 68 2 65 81 43 46 28 83 27 88 58 37 74 83 88 43 75 89 37 74 73 89 73 40 78 13 61 5 44 93 50 82 44 22 31 13 15 32 79 81 25 37 45 38 56 33 30 58 14 49 27 44 43 69 18 50 7 62 6 11 80 46 87 64 72 44 67 21 21 79 29 69 35 70 51 57 44 26 27 38 61 75 28 28 5
90 88 38 96 41 65 48 90 70 26 48 61 28 16 53 25 5 65 89 68 93 19 64 75 14 66 99 36 43 34 18 88 93 86 19 83 3 36 54 35 18 40 86 28 53 22 99 5 69 55 93 50 88 75 53 28 69 47 18 20 78 44 26 82 56 53 62 54 33 99 53 19 60 5 12 31 38 86 29 94 83 82 3 93 11 84 64 33 74 10 70 91 44 35
71 89 35 17 27 11 2 42 11 19 52 28 82 11 44 31 3 22 89 88 91 26 21 62 10 92 42 11 91 69 31 84 38 2 83 37 4 70 89 18 32 90 95 91 42 5 77 70 13 57 32 40 25 41 43 47 59 44 96 27 24 41 15 88 41 13 78 89 51 81 90 82 38 71 40 27 4 4 66 77 49 94 92 45 92 60 95 61 9 73 47 27 47 74
96 10 21 31 54 42 77 20 97 43 59 18 48 34 46 21 44 12 90 71 32 38 85 93 15 54 80 28 4 62 4 53 39 68 13 17 6 7 18 24 51 15 80 67 87 45 17 83 44 30 78 66 37 9 47 57 23 54 60 16 11 91 41 4 47 29 77 50 92 69 41 71 60 46 63 65 27 88 48 79 90 76 96 50 91 95 51 10 7 97 70 69 97 63
61 50 51 33 32 67 19 93 5 66 84 15 13 54 40 44 11 78 93 86 4 51 68 24 89 15 70 4 49 41 6 6 38 75 97 52 41 20 44 50 32 54 81 72 23 13 18 41 28 73 10 30 36 26 66 40 24 20 66 51 89 43 84 9 6 66 26 89 42 14 9 6 76 20 41 82 29 10 20 79 89 42 93 63 17 31 92 32 52 26 41 35 87 76
61 55 60 86 27 38 23 98 19 60 61 54 59 98 4 51 2 49 11 24 15 96 56 86 51 72 61 69 55 17 85 64 72 36 65 90 15 84 2 6 87 12 52 66 18 26 50 79 80 24 23 89 22 45 20 43 12 15 61 17 84 31 13 77 13 79 67 4 70 14 98 67 15 47 32 33 49 32 3 2 89 30 65 12 69 38 36 20 57 89 90 52 47 91
62 37 43 41 31 82 69 71 47 6 29 88 97 41 40 63 89 46 71 45 84 79 70 39 47 83 63 80 7 13 47 96 81 34 94 41 90 88 69 70 35 86 73 67 4 57 7 90 53 14 84 67 57 47 87 68 54 43 70 34 86 94 26 60 5 14 23 84 50 99 70 18 77 55 40 28 63 56 2 30 59 76 33 20 5 79 31 59 54 41 17 72 39 68
21 39 29 18 82 92 38 53 64 98 54 95 32 26 49 7 93 42 51 95 2 71 17 58 24 76 94 91 65 94 62 6 65 88 3 92 53 95 17 91 72 18 65 30 84 60 28 30 14 96 47 58 64 98 94 32 82 13 38 87 20 70 24 76 58 25 64 83 7 88 54 10 67 72 32 56 3 77 80 49 27 61 17 90 27 86 75 79 2 12 36 6 30 91
92 30 7 50 96 90 21 40 69 51 21 47 29 56 93 34 14 78 2 12 49 83 23 85 69 55 52 79 82 95 68 52 16 35 90 42 66 21 63 18 90 32 54 30 18 40 42 5 6 74 15 24 57 77 27 98 29 51 18 99 97 42 83 98 59 73 5 35 24 31 84 14 11 48 85 11 40 32 89 14 31 90 83 27 94 79 53 48 93 93 65 64 71 99
83 66 22 53 53 67 51 63 72 39 27 69 13 82 8 68 96 30 73 69 25 82 84 98 49 21 20 32 8 82 79 57 9 20 76 77 6 69 6 3 38 66 5 83 15 53 35 84 90 37 28 93 47 65 83 20 22 87 55 92 17 13 81 10 23 97 54 3 64 74 47 35 6 51 8 65 20 75 16 26 62 69 63 39 75 36 75 6 75 58 43 10 12 66
93 23 13 7 99 60 57 71 71 40 34 42 46 18 42 59 99 86 95 16 30 71 64 41 61 63 51 44 99 17 92 7 78 89 5 3 85 3 23 71 23 68 60 53 8 93 23 74 39 72 39 93 70 78 12 37 22 27 74 75 26 4 18 71 51 34 30 8 93 87 5 55 85 30 7 7 86 84 55 74 13 48 35 38 64 27 26 25 6 48 73 89 39 61
51 10 36 12 22 57 41 96 26 94 59 77 62 56 69 17 74 39 14 78 59 30 74 41 61 6 30 99 50 84 65 63 48 16 98 89 95 39 63 37 6 53 12 18 9 12 80 7 51 53 56 43 73 29 89 66 80 8 98 29 85 98 6 19 60 66 3 46 49 39 63 81 80 3 52 89 45 92 85 36 10 9 54 26 52 40 4 29 37 31 96 34 51 32
66 25 58 88 70 61 22 82 10 9 19 6 89 6 41 41 72 84 45 19 7 73 75 69 38 44 58 10 39 35 50 23 65 71 82 43 37 21 10 52 94 91 95 73 42 57 28 95 64 37 18 19 51 59 49 49 72 4 98 18 15 84 30 56 50 40 29 44 36 74 18 89 45 52 78 44 98 87 46 49 25 34 69 56 45 80 40 91 36 27 89 20 11 92
93 39 42 8 81 50 72 64 45 3 28 82 23 92 79 75 5 12 51 70 35 37 96 6 16 94 73 98 78 98 51 26 89 20 26 20 34 64 90 45 78 72 93 53 50 75 77 93 41 47 26 80 94 41 5 53 69 31 88 56 56 64 51 81 36 42 80 52 78 5 37 40 84 48 2 52 28 72 43 16 92 16 35 19 77 27 71 25 96 16 99 50 75 26
94 12 64 56 21 52 18 32 76 45 62 79 68 20 35 37 12 85 22 81 13 25 15 50 68 33 18 66 10 89 68 70 71 31 82 4 24 44 64 99 31 25 59 12 3 62 43 35 48 66 29 14 42 49 23 78 75 42 5 5 10 97 18 94 2 43 26 76 9 76 84 83 31 31 59 31 24 59 5 79 94 25 22 37 36 87 37 37 98 74 54 50 57 29
29 32 48 25 38 60 62 69 25 31 21 62 93 83 69 80 78 54 52 18 58 65 51 91 83 88 8 39 77 8 32 29 42 77 97 8 2 88 33 34 81 37 98 28 81 46 38 40 41 62 74 88 57 83 82 40 2 59 74 96 69 86 94 48 2 35 65 92 83 42 79 58 12 36 48 62 96 92 50 2 37 79 80 92 64 77 56 8 25 27 78 31 9 3
30 8 85 32 95 9 10 84 17 41 60 16 57 12 56 26 28 82 55 68 28 75 28 97 72 58 32 46 92 84 50 14 69 31 17 7 25 17 29 79 61 46 56 73 4 47 99 3 50 75 17 98 68 63 84 86 75 26 69 2 73 33 27 56 76 93 56 7 22 92 30 24 59 73 37 61 70 6 52 51 84 5 42 43 39 38 52 11 77 53 38 39 41 67
29 54 95 98 36 84 36 2 26 48 57 53 34 48 36 22 69 88 48 66 43 76 69 88 3 78 24 31 74 52 26 75 92 61 26 65 39 92 96 46 43 95 19 78 46 56 12 31 29 65 77 84 41 56 26 34 73 23 16 96 70 70 18 17 53 39 18 32 20 38 67 99 2 65 22 94 22 33 86 16 63 96 38 40 49 8 57 70 67 15 72 99 12 98
52 22 99 21 87 77 93 64 90 64 21 30 18 77 92 94 15 4 5 26 53 88 47 15 32 16 65 75 97 80 7 44 3 89 26 75 34 39 2 37 26 16 18 35 4 99 94 53 16 63 49 82 5 85 64 97 88 65 26 82 46 39 9 61 76 80 87 59 60 45 4 30 95 50 16 18 88 5 6 60 56 99 99 43 63 5 56 63 28 89 81 95 9 50
79 21 52 83 80 26 48 9 17 31 49 12 54 86 73 33 45 57 26 92 97 70 83 81 46 84 80 97 3 31 69 39 16 99 57 69 43 47 51 15 56 39 60 61 29 49 34 97 28 14 21 81 89 68 90 91 10 27 14 44 81 23 39 33 69 56 61 14 48 24 81 56 59 20 11 27 49 93 54 16 75 81 49 89 57 74 87 62 62 14 35 57 55 33
94 97 44 58 50 33 85 99 28 84 26 77 54 32 74 97 2 82 64 79 25 92 76 13 43 91 44 22 83 30 43 65 31 81 18 17 9 89 15 80 86 10 15 98 33 93 19 29 54 75 41 5 75 27 42 47 52 52 5 14 42 69 3 76 9 98 73 36 95 74 56 96 51 35 78 59 7 98 6 69 14 91 36 9 53 48 39 89 20 91 82 82 61 79
16 82 80 64 45 48 17 53 46 15 54 45 27 23 22 32 82 21 49 31 80 73 90 99 27 11 51 56 88 25 57 74 30 92 29 24 52 9 87 30 73 58 22 95 19 63 33 52 82 13 56 97 84 86 49 77 11 26 53 14 86 6 71 22 57 27 36 27 86 54 77 50 70 72 3 62 85 82 8 85 46 4 35 35 41 59 6 29 5 9 57 88 60 60
59 65 96 15 33 9 52 44 71 58 40 27 52 85 91 95 83 49 2 65 58 15 95 29 87 16 57 55 93 36 62 72 44 34 91 87 66 94 9 96 90 32 98 86 97 61 59 43 87 69 35 8 56 22 57 87 32 81 84 22 34 73 88 30 41 25 12 34 21 44 58 14 75 27 5 73 35 83 54 98 6 4 44 74 92 85 69 68 52 77 14 48 4 92
50 48 79 94 86 50 39 5 34 32 95 19 51 16 52 59 47 13 46 26 74 73 3 91 25 88 33 28 18 4 77 47 14 58 68 95 21 65 23 69 38 90 74 93 85 44 31 96 74 38 62 91 40 44 52 29 19 16 81 63 49 98 86 99 6 19 73 50 26 82 58 64 36 67 40 96 24 46 79 5 88 76 36 17 64 24 28 27 88 45 14 37 73 39
59 33 75 43 25 29 85 73 50 60 92 94 7 87 12 16 21 38 98 7 60 40 91 91 12 95 34 95 77 6 64 45 54 30 73 36 63 68 22 14 56 79 15 24 63 66 91 30 6 37 71 9 89 7 61 20 29 88 74 90 38 14 26 71 55 91 15 47 21 88 48 78 22 39 88 41 87 51 88 56 91 24 45 39 29 94 50 91 62 37 15 30 58 39
76 93 82 23 4 37 32 25 9 32 94 46 34 76 82 94 76 93 21 22 4 59 62 64 68 23 99 14 17 92 88 89 65 68 28 66 15 7 75 49 22 36 13 58 47 4 57 64 4 66 62 5 56 25 35 94 34 87 98 78 37 53 29 92 12 35 87 53 54 40 26 27 17 35 37 6 3 11 66 74 39 56 9 93 58 63 68 71 99 20 17 79 76 30
64 4 57 50 29 81 32 58 96 79 56 31 24 83 65 47 31 80 24 91 9 9 78 12 15 87 35 63 56 71 6 58 67 32 72 90 8 80 60 98 56 58 32 73 52 47 26 22 27 46 13 28 96 71 79 45 91 7 37 30 29 63 29 89 20 29 74 30 12 78 43 36 20 81 5 17 35 89 15 92 99 95 90 56 47 50 42 5 39 92 95 55 77 84
76 65 91 66 63 82 61 31 23 54 17 87 76 3 90 12 43 46 73 51 86 38 94 31 21 45 73 28 75 27 85 68 86 51 35 37 9 61 6 20 48 28 98 60 27 16 48 36 47 58 50 63 56 57 58 18 73 32 35 53 16 29 50 31 26 44 96 75 66 77 36 74 93 68 73 76 39 43 68 74 24 55 6 72 70 65 66 46 79 3 75 88 58 91
58 48 65 68 66 7 72 96 75 56 25 23 39 47 91 20 30 4 54 11 70 86 70 46 39 33 40 42 70 53 30 91 72 10 94 40 13 7 50 97 47 7 53 66 25 75 56 10 43 91 59 26 68 9 4 95 48 93 84 80 65 34 38 75 88 26 20 77 95 52 16 31 82 11 95 15 22 59 98 59 67 80 30 57 64 53 93 18 16 29 12 10 82 90
30 75 11 70 81 88 95 54 81 59 65 17 65 84 16 93 47 82 90 23 49 16 32 39 99 50 15 93 79 33 60 70 50 56 52 48 64 37 54 71 77 19 31 48 87 30 87 63 18 91 45 78 30 66 39 62 18 32 97 81 17 28 97 71 97 10 26 41 29 31 83 23 62 10 23 39 57 56 20 71 86 35 92 2 88 95 45 18 89 32 50 20 65 2
73 59 26 55 60 68 91 43 42 41 33 57 70 52 78 74 73 31 85 57 52 68 42 19 58 52 56 80 48 9 94 49 9 2 35 63 61 68 96 32 55 16 68 7 79 65 52 61 32 2 87 76 72 53 94 51 58 98 95 31 59 35 35 79 26 80 72 85 75 27 44 76 23 79 70 78 41 28 21 55 82 25 58 49 65 18 31 62 6 84 82 15 81 23
65 42 52 2 15 30 40 14 84 18 13 23 50 25 80 46 33 65 99 2 11 9 80 3 67 68 44 58 45 44 13 79 68 70 38 17 56 52 26 33 21 76 28 73 54 72 46 71 99 31 65 16 83 51 43 84 45 40 51 65 83 42 52 79 92 30 75 47 73 30 78 64 14 50 69 58 97 53 5 5 42 90 82 54 16 13 4 11 42 12 17 15 5 80
81 72 89 11 5 16 60 59 16 84 37 4 87 85 38 31 94 53 29 96 35 35 67 73 61 76 94 5 59 49 15 61 77 27 73 63 15 79 36 86 72 19 37 35 22 48 76 94 27 47 51 5 24 25 61 87 4 81 22 59 20 22 23 78 30 25 42 43 85 34 77 39 74 65 62 44 71 28 58 33 15 30 81 62 14 2 26 60 30 61 78 62 11 31
60 24 46 68 60 9 60 89 92 76 63 52 35 16 99 67 82 78 77 84 84 48 46 11 22 7 30 61 75 39 58 15 27 42 62 53 19 15 37 62 25 32 5 43 59 79 39 76 38 94 79 45 74 81 87 30 43 96 97 33 69 46 78 58 74 68 94 82 25 83 57 97 26 14 7 59 11 73 56 54 40 38 52 40 12 10 93 8 3 94 19 74 43 98
71 45 35 6 13 35 6 4 80 29 65 32 88 54 38 56 84 17 82 27 27 42 79 78 88 14 95 34 14 13 10 46 72 13 14 7 65 93 73 26 6 68 22 65 19 24 63 49 72 83 53 79 63 43 64 67 16 87 14 65 9 70 75 43 11 63 31 24 59 12 17 89 39 5 12 49 83 85 17 16 88 68 71 50 47 81 37 23 29 30 60 52 86 22
39 63 54 71 88 14 11 27 10 45 83 98 43 62 54 94 92 50 5 18 67 78 14 20 62 18 71 87 27 18 31 81 65 2 42 9 34 45 69 86 14 34 32 3 46 49 25 60 93 55 71 84 55 31 64 98 62 57 21 59 35 73 17 39 50 73 22 8 94 23 8 98 48 97 89 58 55 15 70 10 45 81 87 36 25 32 34 53 49 88 99 39 21 9
87 79 84 3 11 62 19 47 25 95 8 96 15 26 85 57 21 48 23 6 60 43 63 4 10 32 55 60 62 61 79 40 20 83 49 13 79 34 26 36 58 77 64 80 84 46 99 84 68 97 14 84 39 43 52 72 69 88 48 79 86 4 21 11 12 55 99 59 80 96 7 17 40 34 3 34 68 53 64 35 87 90 27 67 38 21 61 85 34 65 86 64 52 2
95 40 19 35 12 2 71 50 6 7 38 2 34 92 51 70 16 34 72 48 63 62 29 27 7 48 26 64 14 20 19 59 44 96 44 62 28 54 98 4 86 43 43 84 68 41 34 95 93 94 12 10 33 68 16 12 24 62 61 26 7 45 33 43 87 79 63 40 67 51 97 18 45 55 9 93 60 75 15 65 60 12 19 85 19 54 65 41 92 86 61 98 54 61
10 16 76 36 43 86 61 55 39 20 32 56 72 95 97 96 94 4 95 17 46 92 46 21 3 46 41 52 14 85 61 30 59 49 15 79 17 96 61 5 96 16 26 93 74 67 85 81 94 42 30 35 42 47 93 66 50 21 69 58 96 44 94 54 75 99 62 5 61 84 25 32 70 47 10 50 75 2 49 72 59 55 41 36 2 36 26 10 63 9 7 8 63 64
57 66 25 42 29 41 64 33 74 31 91 22 9 38 87 5 48 86 35 72 94 62 51 71 72 14 92 84 69 18 71 7 57 60 90 4 83 15 53 94 42 58 33 97 22 55 67 43 84 4 64 53 81 4 45 68 48 15 53 33 68 16 63 3 12 77 33 52 51 96 84 97 46 73 65 73 8 10 8 8 49 93 71 15 2 99 2 30 66 69 52 73 65 55
22 33 92 55 22 5 67 4 55 80 46 55 51 35 24 88 51 42 23 38 80 53 4 55 79 87 27 46 92 24 89 12 45 44 88 68 32 7 55 15 59 55 6 95 73 54 39 53 15 2 59 47 21 8 97 44 35 27 63 34 47 65 90 93 51 51 93 15 16 15 90 62 4 2 69 15 6 56 63 6 59 53 64 73 11 12 58 48 15 62 82 10 68 50
48 8 77 15 84 6 34 63 44 52 31 93 4 56 42 23 41 83 48 7 49 91 79 86 80 86 11 73 87 58 66 86 58 27 77 51 82 92 81 17 94 97 17 64 51 40 95 65 97 3 29 54 94 12 27 55 71 30 51 41 95 85 33 49 51 83 97 2 66 9 11 52 7 46 96 95 47 36 14 9 92 43 29 18 89 30 60 49 52 77 86 76 97 76
31 72 99 2 71 74 71 30 43 43 44 3 93 23 86 14 86 50 20 10 12 49 76 45 72 36 83 29 74 82 19 82 29 61 98 96 48 46 55 45 19 89 12 63 79 13 43 85 59 96 14 39 54 73 59 10 55 53 31 59 75 2 80 41 53 12 6 39 40 5 40 66 45 61 18 17 87 59 55 85 91 31 94 56 24 57 94 61 91 88 41 16 13 82
8 9 94 30 43 72 26 8 81 83 35 10 68 39 36 67 31 29 88 90 21 65 55 80 97 64 32 56 86 68 95 74 67 57 7 93 92 73 57 75 67 76 53 52 19 20 79 13 8 50 15 10 37 54 11 98 65 41 14 27 24 45 42 13 6 36 62 38 17 46 41 28 15 26 92 51 62 59 85 61 70 72 91 94 16 38 24 3 64 8 76 27 37 25
8 82 97 64 31 40 14 64 60 16 4 40 25 67 87 42 2 32 51 67 76 75 15 56 92 25 2 17 33 37 65 59 56 80 90 7 71 83 66 57 79 70 60 53 70 58 59 21 88 30 94 58 2 8 93 82 72 45 80 73 76 91 7 63 67 50 68 30 72 44 28 36 72 67 26 75 19 19 38 41 88 74 41 48 62 51 32 8 26 25 20 14 2 90
74 67 85 39 80 37 37 37 73 84 9 62 23 98 4 48 18 53 45 34 25 52 4 71 96 69 98 4 67 35 64 89 2 60 42 78 72 16 47 20 17 70 84 49 38 45 56 75 50 25 31 5 84 21 7 65 82 25 38 5 6 39 43 37 3 99 92 7 86 45 35 48 82 69 9 49 46 42 57 52 72 63 66 77 90 89 90 60 8 76 40 54 39 13
95 96 64 50 62 47 32 74 68 13 24 11 54 31 67 52 73 67 96 33 70 87 16 65 19 24 76 11 91 13 12 14 61 14 92 79 78 39 77 54 26 18 58 20 47 85 13 66 32 55 3 29 2 56 43 90 61 74 28 17 49 70 29 5 73 81 10 28 66 96 81 67 84 52 91 5 82 23 68 10 23 64 77 46 67 6 13 40 55 61 24 85 41 63
95 77 22 96 40 92 81 24 33 48 48 46 68 27 98 76 48 29 7 43 6 41 13 35 65 95 24 27 82 68 88 88 23 98 85 80 69 56 73 32 46 93 13 78 63 2 93 79 65 55 52 73 92 51 28 98 75 86 84 97 30 69 43 84 33 42 47 34 14 23 89 4 74 84 68 28 59 63 39 89 35 79 71 6 51 41 74 45 98 60 88 63 19 65
81 32 11 60 24 89 67 24 91 5 8 45 6 93 68 74 2 45 94 43 64 2 2 23 29 78 6 10 83 87 26 22 20 35 26 25 69 91 80 75 73 12 42 42 59 21 4 87 10 12 49 15 31 72 67 66 27 12 79 6 43 44 91 85 49 51 94 48 23 7 70 58 66 30 2 22 86 69 89 99 91 89 61 46 6 14 87 53 26 60 11 86 4 46
53 60 94 70 79 8 38 35 72 93 22 48 29 69 71 43 39 62 19 98 5 25 83 45 41 19 22 96 6 10 56 34 52 92 12 55 86 21 5 48 12 54 16 83 44 61 11 97 76 61 2 5 92 29 27 73 64 23 59 71 42 66 59 48 75 56 10 24 45 25 46 17 88 45 67 76 37 6 34 51 85 76 99 13 79 54 45 77 61 66 39 90 31 99
74 45 84 47 42 51 45 47 15 10 85 22 12 9 28 88 37 72 20 65 3 36 59 40 25 20 90 64 33 92 3 93 5 15 80 97 45 3 62 66 54 70 49 21 18 17 33 85 56 5 81 51 51 88 97 14 68 95 15 72 72 12 92 46 40 18 49 66 49 56 79 91 97 8 23 36 4 67 27 93 25 23 71 41 26 52 92 5 64 48 6 20 88 49
66 28 72 22 90 54 58 54 73 61 67 21 14 72 31 13 21 42 51 71 39 71 25 77 36 65 5 76 75 8 10 97 93 18 60 89 61 79 98 63 51 36 9 47 62 14 30 41 3 54 6 60 52 10 92 45 19 38 80 94 86 94 67 99 77 9 91 96 12 44 20 30 7 26 88 91 54 45 59 34 46 46 44 69 89 62 56 46 31 9 20 8 92 11
18 18 98 93 85 78 28 20 48 71 11 84 92 45 69 2 39 93 30 90 61 24 66 86 16 59 86 88 75 57 76 35 53 54 62 39 88 94 81 93 39 88 62 6 27 90 29 33 91 61 56 92 98 56 87 36 90 68 77 31 84 35 80 12 21 72 76 24 58 24 62 42 21 39 42 20 70 21 40 76 23 21 6 17 73 91 56 32 39 87 38 98 70 52
64 42 70 77 66 63 20 57 88 68 91 85 20 77 95 72 2 53 87 60 21 92 37 36 39 20 98 30 81 86 99 35 92 57 41 77 7 47 22 39 41 38 56 80 97 57 32 99 27 61 88 69 36 22 27 32 66 34 90 39 34 84 13 8 58 58 92 38 6 90 75 47 22 28 39 9 25 60 63 87 14 51 6 25 76 72 49 54 71 19 88 99 91 66
47 4 63 21 27 86 98 33 85 65 50 51 21 33 54 63 23 88 12 38 47 76 86 81 17 79 73 70 55 30 91 49 6 18 88 95 37 18 55 10 53 9 74 88 66 83 73 86 43 8 22 95 31 10 12 7 63 51 82 20 91 8 99 58 70 53 76 64 44 94 3 52 80 83 5 91 47 10 58 97 66 90 12 32 88 30 10 73 9 89 77 92 35 73
46 78 98 78 98 76 73 95 73 71 6 96 32 8 42 63 11 70 52 91 58 35 3 90 67 13 63 20 26 18 30 41 52 67 62 26 62 84 61 68 13 82 78 39 91 48 15 4 43 70 21 31 50 77 85 72 28 6 10 74 42 39 28 11 45 90 41 13 55 30 96 20 37 39 84 11 45 33 34 48 40 95 38 92 23 32 55 22 11 2 85 34 73 65
71 64 75 10 23 39 84 48 74 66 60 25 77 71 20 86 10 84 87 39 99 6 48 98 90 95 50 89 65 55 62 56 82 51 84 80 76 96 75 25 83 46 40 52 34 99 74 55 62 2 5 39 41 61 70 36 17 16 19 56 34 44 82 58 74 6 81 37 32 9 80 90 65 95 59 51 69 85 54 60 99 64 16 85 5 6 19 8 97 66 45 58 49 13
78 97 67 69 56 81 88 4 2 15 51 26 91 68 97 64 54 24 86 25 91 95 71 84 62 50 2 86 84 55 20 33 30 70 62 26 50 41 27 19 87 19 36 96 55 91 97 36 72 44 68 20 24 82 43 90 16 23 67 46 38 12 90 92 42 65 47 83 8 40 92 73 86 13 79 32 48 57 4 30 18 97 3 15 20 88 31 17 34 29 79 72 66 36
56 85 34 36 22 5 64 62 3 32 9 66 20 81 51 3 53 27 27 36 24 42 2 4 15 18 61 25 40 66 3 68 92 93 32 97 34 5 3 34 15 40 52 70 42 24 66 5 86 40 83 87 63 31 93 83 65 26 45 41 62 28 95 94 3 14 25 57 50 29 19 96 97 31 73 63 79 16 61 64 75 23 85 10 13 13 12 11 46 95 60 25 82 17
25 80 94 71 79 22 52 99 4 4 30 91 41 53 3 52 34 7 6 40 63 43 30 55 64 87 70 9 72 66 43 30 60 36 30 78 95 82 28 95 37 25 79 7 71 7 38 88 96 94 62 24 87 18 70 75 74 2 41 14 72 68 9 11 28 58 23 83 47 32 91 56 61 91 26 96 59 29 54 36 16 86 39 82 9 60 50 32 39 41 45 88 91 11
72 4 50 65 74 81 56 48 74 19 6 85 50 87 21 52 36 93 4 73 95 52 33 38 53 21 17 59 67 21 7 90 2 5 83 55 78 27 52 59 64 48 75 36 79 72 6 65 58 25 51 20 61 6 84 38 50 9 9 81 44 74 68 41 20 46 62 48 27 40 45 23 26 71 44 16 49 71 13 33 61 54 71 18 40 67 71 31 35 72 60 2 18 41
4 62 83 84 40 42 11 23 85 97 37 16 47 38 49 90 7 17 35 39 39 30 14 14 55 52 47 24 42 79 95 6 45 36 61 80 29 53 30 61 36 8 8 49 68 56 85 83 37 2 97 67 40 38 47 96 16 66 6 62 50 33 90 7 37 55 11 89 42 66 88 41 37 31 22 2 36 59 25 12 52 18 70 33 3 93 88 39 20 48 35 90 94 48
90 94 61 41 64 44 36 82 5 59 70 56 54 13 13 71 60 4 16 59 60 28 45 58 76 60 81 49 97 65 86 62 3 89 43 68 99 40 51 67 15 28 25 63 7 63 87 46 52 15 24 12 37 24 14 62 44 73 34 72 15 23 37 72 10 46 77 89 22 22 50 96 75 91 71 98 35 5 62 71 93 90 22 73 14 56 29 41 22 95 45 7 20 43
27 25 14 40 51 45 64 68 7 64 29 16 38 77 5 51 59 57 20 20 74 23 12 20 92 41 85 34 91 14 65 81 27 44 92 4 25 68 63 43 41 92 74 79 72 81 74 68 46 50 3 10 5 99 16 72 16 38 34 4 28 54 98 21 94 58 27 54 15 66 95 99 16 53 67 39 5 15 93 72 9 80 36 54 13 64 68 58 55 64 20 18 9 3
6 21 8 22 36 9 9 17 68 61 15 72 43 10 4 79 82 62 33 35 39 59 52 15 3 60 13 42 89 66 10 58 21 75 53 63 23 62 4 9 10 96 10 79 50 51 32 21 9 61 60 10 13 20 75 18 26 21 93 48 89 28 69 47 33 43 11 70 44 20 29 67 64 31 91 32 48 35 66 90 57 22 85 3 62 2 88 36 36 87 57 96 72 67
79 6 18 47 78 92 66 21 79 30 75 7 65 8 42 80 98 51 44 63 5 27 11 99 78 29 65 76 62 94 94 58 56 59 44 73 63 96 99 17 84 88 78 65 38 60 91 46 31 77 92 97 94 29 30 29 89 47 88 38 82 62 73 95 89 47 92 15 37 42 61 52 19 4 30 42 85 80 77 23 50 81 32 90 17 99 42 76 18 5 69 32 5 91
31 88 80 56 67 30 14 24 48 44 76 36 62 70 4 4 42 13 66 90 5 57 48 16 33 27 86 89 46 61 45 37 56 91 92 36 78 49 66 19 3 24 69 54 55 39 82 3 20 90 40 17 11 61 79 7 8 29 54 15 51 90 49 64 83 70 81 28 24 98 2 31 84 40 87 40 23 56 21 99 87 47 44 42 86 2 18 82 75 72 49 81 90 98
40 53 66 69 89 65 61 47 18 39 79 89 17 94 21 24 62 53 44 81 8 50 32 2 17 39 70 91 50 15 92 33 86 73 25 82 19 45 8 4 63 53 55 33 21 8 33 52 96 38 77 15 96 64 37 36 28 69 17 40 22 48 25 16 25 49 45 53 70 89 48 92 97 81 41 66 26 75 39 80 80 84 45 64 45 81 28 80 91 10 21 80 41 70
